560

8151155, &op-cont.

.......... 1111115, 55515551, 189.
.................... 551115 51, 183.
81515115155. See 8151551515,

815551ἒῖ13.7 Ῑέἓέωωοω, 81515515, 811511, 322. Ι

8555555155 815 8155155515155.
8155553311. Brydinbury, 55515551, 85151515. I

Bredvmrdine. 815555151581551151555
ford. 381, 383, 397, 411, 419.
555155 51, 401.

INDEX OF PLAGES.

Brightwell [15 11511515ἐ, 8151511511, 81515-
55115, 85111515, 410. 444, 451.

, 8115115115. See 85111551.

8115555515, 81555511515. Brymmosfold,
815555155155. 8115511515, (1155555151,
239. 243, 259, 271, 279.

8115155ἑ105ι1ξ318185155155111 8115555111, Dor·

......... [rin 85], 8151511555, Glaucam,

'Hm- 1 811531558115151511. Brympton, 85515, 407.

555155 of. 481.

555115515151155511 11111.. 1511 5, 1 31510513Ἳῇ55. Hereford· 376. 335. 3⁹¹·

Pridie, Bonovylesbryde‚ 851551, 11. .
54, 77, 103.

.......... 1111115. 8551555515. Lytlo Bridye.
811515511515. Donet, 0, 34, 53 73.

.................... 555551 51, 90.

8155555555. See 8151515511.

Bremleygh. Seessromley.

Brempaehott. 855 8155115511.

Bronton [15 8555551551 815515555555,
8155555155, 85515. 338, 355.

81515155. 8558155151.

8151555115. 855 8111515511.

81511515 [15 8551155115] , 8155155, 0155555151.
294, 295, 298.

81515155 855 81155155

81115115. 855 8111515.

8115551155, 8115511155, 855 8115551511.

81155. See 81155.

8115155555, 815155555, 85111515, 443, 453.

Briddlo3t³ggrd3ggArreston].Bridaleuford,Hunis¹

Bridebrok 855811551551.
811551551515. 855 811551551515.
1111555511. 855 81155511.
8115111155. 855 851155 81555551

811535 [15 (1551151111 Briggo, Brug¹ Bmggo,
85515, 338. 353, 355.

......... 8511515. Brug 851511, Bruggewlers. Ι

85151515, 376, 386, 417.
.......... 555155 51 , 400.
811515. See Bredy.

8111111555 855511 1155511555111 855 8511511
8155111555

81155511, 81115511811555511851551. 103. '

.......... 55515551, 39, 90, 91, 100.
811511οῶ841ὅὲ5515115, 555155 51, 85551515,

811515. 81181551.

81155155. 81515155, 85151515, 380.

.......... 555155 51, 400.

Brigge. 855 811585.

811555155811351551511. 855 8111155.

Brightlingsea. Bristlingseyo, Brytlingneye‚
85551, 1301511, 219.

.......... 55515551, 191.

8115515Ῑ11155155ἓ 1[ἐ5 85111551 Brykemoreswno.
5515, .

“ .......... 555155 51400.

8115111531575. 855 8115511151155.

³ 8111151, 55515555 51, pp. 303-305ε

All 851511.
Augustino, 81.
81115, 81.
851] 11115111.
551555, 81.
John, 81.
15515555, 81.
8555515, 81.
Mary. 81.
85η 85551155, 81.
michael, 81.

’ 81555155, 81.

Potor, 81.

Philip, 81

Stephon, 81

8551515.

Thomu. 81.

Werburgh, 81.
81115511. 855 81155511.
85115113,6ξ1135155155, 8113551115, nanta, 338,

8155511515, 81551515, 85111515, 433, 447.
......... [in Bodenham]‚ 815551515, 85151515,
382, 398, 414, 422.
555155 51, 403.

1 8155555155, 1115155 Μ511511Μ511111),81555-

mayne, 851551, 31, 51, 37, 115.

1 .......... 5111115155.

81555551, 81555551, 8155511555 8511555115,
8155511515, 81555 Wey, Wnye 8511515,
Donet, 12, 38, 57, 73. 114

.......... 55515551, 85.

115151...] [in 5511111511 wamy,

Bmdwey. 85111515, 427, 444, 452.
81555551ὲ,Ξ1817555115115, (1155551151, 252, 255,
81555πὶ5551, 81555 1915555515, 851151, 103.
8155511, 815555 , 81535517, 81515511,

85151515, ,395418
.......... 555155 51, 400.

81555551. See 85155551.

815555551511. 855 815515551111511.
8155855515, 8151555551, nanu, 317.

 

