494 INDEX OF

810010, Thomas-cont.

.................... 0111016001, 102, 107, 108.
................... 0110, 466.

.......... william 60 462.

8100011108ζί, 810011006, 00. hex, 100101 01,

810100. 811810100.

8100011100, 7010 60, 468.

.......... 8101011160, 174.

81001. 8118100110. 0
81000. 811 810110, ¹
8101106010. 811 8100100111. J
81000οἧ 8100000, 8111001ος, 7010, 147, J

.................... 0161016010 0110006, 104108.

......... ,10606111017700101110108100011110Ι 105, Ι

81001, 8101110. 8118101.

810110, 8100, 810110, 81000, 46110, 288.

.......... 8000610110, 166, 160, 222.

.......... 11016010. 627, 628, 666, 649, 660. 1

......... 7010017010 10, 47, 268, 240246.

,248,278.280,681,697,460. ’

.......... 7010, 01810010, 420.

.......... 1111001010, 669.

.......... 1100110010, 27, 46, 66, 166, 224. 608,
616, 622, 627, 628, 649.

.................... 01800601101100, 126. ·

.................... 01 80110οο10, 670, 671.

.......... 806011, 288.

.......... ’.110101124228

.......... william 01 william 10, 1, 46, 66.

81060οο11. 81181160011.

8111011. 8118111010. ,

8111010, 8011011 6010, 266.

8100101, 1711111060, 67.

810010, 810011, 8101101000. 0110161 01601
01, 267, 247, 264, 272, 280, 291, 600.

810000, 810000, 7010, 409, 414, 417.

.................... 018011, 416. Ι

.................... 0181000600, 416, 419. Ι

.......... Philip, 454. · Ι

.......... Thomas, 266, 290. 297.

.................... 011000, 416.

8100110011. 811810011100.

8111010100. 811 8101001110.

8100111011. 8118100110110.

8100. 81181010.

8100010010. 811 8100011001.

810000, 8111001. 81180010. 0

81000100. 81181000100.

8100111000, 80010 60, 686.

Brunyng. 81181000000. 1

81111, 81001, 8101110, 8100010, 810111, 8101101.
07101101, 810011, 810011,10011110,471,

........., 8010116 10, 471, 476, 476.
.........,01111000,111,100110. 1
.......... 01111 60, 28, 48. ·
.......... 7010017010 60, 48, 64.

.......... 1111101000318101.

PERSONS.

81111, 60,-1011.

........., Peter 60, 248, 281, 664, 668.

.......... 806011 le or 60, 166 611, 179, 216,
226, 469-471, 474, 477.

.......... Thomu 00, 272, 281.

......... 24187 illium, 60, 12, 22, 60, 67, 269,

8101. 8118101.
80110οὦ10100, 00. 80001101, 0110101, 46,

810100, 810100, william, 608, 664, 666, 666.
81000, 811 810110.

81000, 8111, 81100. 7010, 161

.......... 806011, 0180106010, 62, 117.
8100101016, 7010, 01 77111001, 110.
8106, 81066, John. 01 800600, 296.
.................... 018011060101, 119.
.......... 7100100447.

.......... william, 447, 461.
8106601110111, 7010, 444.

81060οο11. 81181160011.

810000. 8118111000.

Brygos. 8118110011.

8100111, nogat, 671.

8101101110, Thomu 61, 610, 611.
8101000108101110000. 8118111110011.
8010000110, Hugh 60, 26.

80011116, 80101, 16.

800101, 7711111110 10, 129.

8001010110. 811801010110.

8001102το 1701100, 8010101 7701100, 10161 01,

8001011110, 8001111110, 7010, 69, 117.

Bago, John, 26.

8011110010, 8001110110, Adam 60, 611, 616.

80110.Ιο1110000,01 1111000100, 121.

80110110. John 60, 8.

801101, 7 010, 477.

8110111060, 8001 0. 00011100 60, 160,
162174, 1224

.......... 1111111111 60, 152, 174, 221.

.......... 171111101 60, 161, 168, 176, 226.

8010011110, william, 600.

80160111, 7010, 416, 417.

801600, 801600, 801600, Agnou, 660.

,....,...,1401110,282.

..,..,80010,299. “

Hugh, 249.

.......... 7 010, 249, 272.

1110110111, 266, 282.
...., 8101116 60, 629.
.......... 80001, 281.
Bure, william ‹10 0, 111.
80101, 7010, 460.
80101, 80011, 1406100 60, 166, 177.
.......... 701060, 266, 272, 276, 264
80100011, william, 01101110, 176.
801001. 811 811001.
80100007100111, 474.

 

