INDEX OF PERSONS.

31110, Agnes, 373, 335.

.......... Simon. 434.

.......... 11101110, 304.

31111011, 30111181, 356.

3111111181ὶέ2 1110110111, 013180101111, 360, 361,

.......... Thomu, 220.
11111οἕῠιέ,31ὁ1011, (1111101101 Holybourn,

.......... 311011111650.

3100013101110. 8113110110.

3111101, 3111111110, naban, 245, 277.

3111108010, 31011118 80, 318.

3111111, 31110111, 3010111, 442.

.......... 7101111011, 442.

.......... william, 304.

.................... 01 winchester, ywmnn, 121.

311101, Roget, 357.

31111011. 8113111111.

3118, 3011011, 431.

31186018, 3018010181, 00. 31101, master 01
1100111111] of, 229.

.......... 31188118, John, 217.

3118011, 31181111, 3811111118, 436, 448.

.......... 1111111434.

.......... labella, 315, 319.

......,., John, 450.

.......... 101801, 443.

,.......,301)011,141,164,230.

311011, 31011118, 162.

3110111 , 3110111911, 11101080,140,142,144, ,,,,,,.,,

1112, 163, 167, 174, 221, 29, 232.
.......... Philip 80, 167.
31100. &a 311100.
31111. 8113111101.
3110101111, 31011118, 425.
nomo. 80131111.
norhanton, Hugh, 288.
31111111, 3011111131, 00. 31101, abban 01, 185,
189, 194, 196, 200, 207.
.......... 31111111, 1711111111 de, 436, 431.
3111111110. mathat.
3111ογ, 311100, 31111, John, 227, 446.
31111111, John, 01111118018111101, 360.
31111111. See 3111811.
3111100101, william, 452.
3111111111 [00. (1111118101, prior 01, 197.
Baton, 31101111, 31011118, 299.
.......... walter, 143, 166.
3110111111. 811 3111111111.
3111011311. 8113110111 1118311311.
31101111 81131101.
3110111, 31101111, John, 349.

. .......... ’.711011111419

311111. Suum.

31111311011131111, 318101010181 11, 397.

...,....,1111111411
.......... 1011111111.
.......... 0101111 1, 010, 001, 000.

487

31111, 11,-1011.

.......... 8111110180 11, 396.

.......... Thomas 1111 0171101111 81 11, 218,
250. 388, 395, 411, 415, 419, 426.

.......... 1711111180 11, 379, 381, 395, 397.

3111111,31111. 31111, 30110, (1οο1111] (10, 44,
46, 58, 62, 74.

.......... william or william 80. 35, 42, 55, 78.

311101, 31101, 311011, Henry. 4.

........., John, 153, 175, 336, 356.

.......... 31011118, 208.

¹ .......... 11111, 1111111, 100.

.......... william, 41, 42.

Bury. 81131110.

311111310131111131011, Edmund, 447, 448.
3111011. 8103011011.

311111. 8013111111.

Baryngton. 811 3111111101.
1110Μῶ111113, 3111111ςο1, 3110111113, «10111 do

.......... John 80, 35, 55, 363, 336.

.......... 11111111] 80, 152. 173, 220.

3101011110, John, 416, 412.

John, 11111, 418.

.......... 31011118 80, 376, 385, 386, 391, 410.

.......... Sibyl, 274.

Base, Gooffrey 80, 18.

Basso, John, 454.

311111, 4111101111, 243.

.......... christiana, 11110 01 william, 149, 179.

.......... 3811111118, 245.

110111] and Isuoy 1111 wife, 170.

John, 16, 227.

........., Rolph, 36, 40, 267.

.........,11·oger, 13, 36, 55.

.......... 8111011281, 282.

.......... 1711111111, 351.

3101111011, Bassyngburn, John 80, 129136,
140, 149, 178, 428, 449.

.......... 1711111 80, 150, 178, 179, 227.

31111111. 8113111111.

3111118, 1311011111, 153.

.......... william 10, 15.-

311, 31011118, 285.

31111111, 3111110, 3811111118, 135, 156, 213.

.......... John 81, 177.

3111011018, ’11101111 81, 171.

y 111, bino& 11111111, 111101, 101111,

289, 02, 307, 333, 315.

.......... 110101, 248. 249, 261-3, 276, 261,
9, 302, 316, 328, 349.
3111113111101111311, John 80, 131, 242.

.......... Margaret, 120.

, .......... 1110110110 81, 268.

.......... 7110111180, 174.

.......... william 80, 245, 278.
3111111101111. 81117111111101111.
3111111811. 811 3051118011.
3111101111, 80. 8111111110.
311101, 10111111, 25.

 

