492

3011010000. See 3001100110.
301111. 310 30101.

3010, John, 164.

Botyld. 301 301110.
3010101. See 3010101.
301011οη. See 3010101.
3010000010, 1110111001, 172.
30110001. 8003011ωο101.
30001000. 3113011000.
3000100, John 00, 153, 175.
.......... Stephon, 175.
300010, 30111, christina, 327.
.......... John, 475.

.......... 11100010, 293.
301110. John, 445.
3001000000. 3003011000.
3000, 80130000.
300000, Thomu. 343.

3001. See 300110.

3001011101, 30111ςο01. 30010001, 3000001,

Henry, 349.

.....0,0000153 157, 159, 160, 166, 170,
171, 171217.

........,,101001,213,214,210,217,213,220231.

3001000100, 3010001000, 3011001001οπ 00,
1110173174.

30010000. 8113010003.

30010000. See 1101ςο000.

3001011010. 3010001, 3100010 00, 335, 350.

.......... Thomu 00, 319.

3011110, 3100010 00, 317.

301110. 310000, 0011100, 0050101, 430.

3011100. 30100, 30010110, 325. 351.

.......... 1000, 300.

......... Ι1100101111, 235.

3001001. 3013111001.

30111001. 3003010010.

3000010000. 3113010100110.

3001100. 3113111100.

30111100, 0030101010, 1010 01, 377.

30οᾞ anm& 0101011011οΓ0 100 01100110 01
0 0 010 , 0.

3000001. See 3010010.

3011100, william. 102.

3011000, 300011 00, 3.

3011001, John, 303.

3000, 3000, Hem-y 00, 19, 33, 57, 73.

................... 0110. 231.

.......... 100100, 235.

.......... John or John 0010. 73, 240, 251, 235,

30011000, 3010100, 171.

.......... 30100 00, 133. 171, 219.

3001, 30001110, 5.

30γο, Boeeo, 11100100 01, 22.

.......... 110010 110333.

.......... John 00, 131, 156, 166, 163, 213, 235,
441, 442.

.................... 1111, 352.

................. .....,...01 Cave, oo. Buoks,
313. 3110110 3000.

INDEX OF PERSONS.

’3000 00,-10111. .

.......... 1110001110 011, 424.

k .......... 31001110 00, 0, 9, 13.

Ι .......... 30301· 00, 0, 29, 35, 49, 55.

⁴ .......... william 00, 254, 291, 292.

3001110. 3103010Ιο.

31000, John, 01 3001011000, 399, 409.

311100, 30001100, 152.

3111001010, 111οο0100, 233.

3100010, 3111001000, J 000 00, 270.

.......... 3100010 00, 397.

.......... 3000100331.

1 Β1000100],Το1111100,238..

’ 3100000010110. See 3100010011.

. 3100000001, 1100 00, 157.

1 3111000100. See 3101101000.

3100011011, 1001101110, 273.

1 3100011000, 30010325.

Ι .......... John, 300.

3100010110. 3111000100, Γ1000100 00, 163, 277,
230, 239, 442.

Β1000100410040.7171’1110], 3000001010, 0110101,

.......... 310000010011, John de, 273.

310011010γο. See 3100110101οο.

3100010, william 00, 145.

31010011. 31010001, 3101000100, 3100001, J 000,
325, 329. 340.

1 ......... &gagga 300313, 329, 332, 341. 344,

1 31000001, 310010010ου10, 310100οο10, 310010-
1 00111, 10010000 00, 325.
A .......... 17111100333354, 357. 303.
.................... 01 0011001000, 330.
31011000, 30010010 00, 130.
3111010110, 1011110011 00, 132.
3100101010011111001, 450.
3100101. 3100010, 454.
3100100, 31100 de. 235.
3100, 30017 00, 331.
.......... John, 369.
.......... 0100111018.
3100001. See 3111111011.
3111011101, 001010 00, 216, 423, 437, 449.
.......... Hemy 00, 437 , 449.
.......... 0101003611.
1 .......... 1111111011, 11.
! 0071003011318.
1 3101101010, 31001010, 3101001010 [00. Ηο010],
0110101, 43, 316.
1 310000, 0110101, 407.
’ 3100011, william 110, 292.
3000010100034101111101000, 3100001000, 10100
01, , .
’ .......... william, 227.
31010001010. See 3101000110τά.
3100001100ιο. See 3100111001.
ι 3101001110, John de, 243.
3101000010. See 3111100001.
3101001001. 8013101010οῑ.

 

