INDEX OF PERSONS.

11511511, hecout.
......... ,211511311111515115 (15, 15111 5111555151, 22,

............ ’ 11 5111151, 111113,

.......... 180.
11151155, Ἕω, 1151555, 115155, 1151555,
1151155, 11555, 11515555, Μ 55.

115551, 115551, 11551, 8515515115, 46 . 1
1 .......... nobem, 299.

.......... Henry, 294, 316, 328, 350.

1555, 272, 294, 316.

.......... John. 294. 350.

.................... 51158511, 109.

..ιι-...., 15, 9, 26, 326, 327.

.......... 111115 do. 471,

.......... Philip 15, 42.

.......... 1151151115, 472.

.......... 11511511, 555 5117101551 (15. 471.

.......... william 15 51· do, 9, 16, 244, 284, 288,
442, 471, 472, 473, 476.

115115, 11511, william. 414, ffl.

1151555. 855 1151155.

11511515, 115155, 55. nereford, 151551, 411.

11515581551155. 8551111151.

11515581551111115111 (15, 23.

1151551515, 1155155, Μ5155,1155155, 1155155
13411555, 28, 33, 324, 327, 349, 350,

.......... 1151518522.

1151155, John (15, 365. 350, 357.

.......... 11155155 (15, 262.

1155551511511851555,115. 855 1115115151.

1155551155, 1155555555, 15115, 310324, 351.

1155555551, 11555555551. 115515 0551551155-
51155151, 115515 miso, 1115111515 (15,
132, 144, 145, 167, 170, 215, 232, 431.

.......... 1155511111 (15, 150, 173, 425, 426.

.......... 1115111118 (15, 447.

.......... 11111151, 143, 166, 281.

.......... walterdo, 436.

.......... william (15, 148, 236.

.................... 5118511555155, 130,

1155511. 8551151155.

11555, 11511115, John, 355.

.......... 1115115111, 374.

115551. 8551151155.

Μ555155111,1155515515,11555155111115, See
Ι ,,,,,,,,,, Margaret 5115, 442.
1 .......... 5511111111, 115.

1155155515.
115555151, 1111111115 (15, 252, 287.
115551. 855 1151355.

Μ551151151, 1155651151, 1155515551115511151151,
05515555. 430.

.......... 11551155, 436.

.......... 11511 51. 434.

,,,,,,,,,, 1115115111, 149, 433. 447, 448.
1155151115. 8551155515111.
Μοηοιὲἶέγὲδέίοωςοωοη, John, 214, 215.

.................... knt.. 51 0551551515, 362
.................... 2115555111. 11115 51, 862.

11111111, Hugh. 413, 414. (51155.

.....,..,,15115,412.

.......... Roget (15, 382, 398.

.......... William, 411, 421.
11551. 855 1151155.

1 1155515511, 11115151, 409.

1155515515, 1155551515, monemuth. 115115-
51511111515115115, 273, 286.

.......... walter 115, 379. 395.
........., ......,.., John, 555 51, 380, 396.

1155551, 1115115111, 435.

1155155515, 55. 85551551, prior 51, 42, 72, 95.

1151115111, 1111151515, Monte 115515, 8115515111

1 .......... 1151151155 do, 55551555 51 8111511511,

.......... Simon (15, 16, 34, 35.

.......... William (15, 15, 60, 72. 426.

.......... ’11151555 (15, 551151 8511111511, 452.

.......... William (15, ......,., 54, 63.

115515 115515. de. 85511551515.

Monte 5115115. 855 1151111111.

115515 055155, de. 8551155555551.

Monte Η5151511, do. 855115515511551.

Monte 1155155115. 855 1155555551.

115515 11155115. 8551155515511.

115515 8515111, Thomas (15, 2.

115515 1111511, 1155115νί115, [1155555611
abbone 51, 7.

1155151555, 1115115155 (15, 17.

11551555551.115515 11555511, 11511111 da, ml
(1155555151555 Η51115111,37,45.47,56,
144, 140, 151. 168, 173, 237. 243, 244,
247, 249, 254-258, 283, 309-11, 335,
431. 468, 469, 470.

«1555. wife 51, 146, 147, 176

Montibus. Ednrd (15, 451.

1155115 Burgi. 855 1155515551111.

115555. 8551151155.

11515, 11515, 115515, Β5111151515511 (15, 240.

.......... 15111551 1115) 5115, 363.

7555, 67, 115. 118, 127, 359.

John. 350, 351.

.................... 1115, 346. 363.

., de 15, 156, 295, 427.

.................... 5111111515, 102, 103, 1117,
......... ,1111115115 51 8115155511, 1111, 118,

1 ......... ὲὲἑορὴω (1515 51 5115, 248, 257, 219,

1 .......... 1111511111, 15.
................... 511581.
,,...,1111111515, 303.

......,.., de 15, 282, 296, 494,
......,.., utto. 328, 331, 846. 442
1 11511155, 11511511, 442.

 

