526

11515111555155, 142.
,221215Μ25259140142 153,163,165 175·

1651555115, 1151511511. 3555. 5111515565, 370.

.......... John 65, 312.
.......... 11515115, 325, 347.

11151555. See 115155.
Mon-gan. Bobert, 5135515 1111551155. 103

1151155115115. 1151155, N 15115155, 219.
.......... 1115551165. 155, 173, 437, 449.
11515156, Thomna. 219.

11511515, 1151111515, 5555151, 2.

.......... prior 51. 15.

1151155155155. 115115511515, 111155 de. 10.

.......... 3511565, 60, 78.
.......... 1115115155 65 33, 52, 70.
.......... Stephon 65 31.

1151111551, Mortuo 11511 1151155111, 11651556
65,.36,30,..,,3435235326377, 379.
392, 395. 428, 437, 469.

3111515112858149 169, 214. 227, 421.
...,.,..,, 3555. 391, 394.

3555, 409 414 420.

.......... 1151515165. 264. 273383,384.387,.390
.......... 1115551165, 20, 235, 238.

.................... 51 055115 11155516 238,
········· ..2 15 5
.................... 155 51651, 384, 390, 395.
.................... 51 17155515, 380, 390,
.......... 77111155 65, 135, 156, 213, 378, 393.
16511155ιέ (now 1151115515), 15555115, lady of,

1151155, 1111555515, 217. 280.
.......... 35115855 John 65, 109, 246, 247, 271,

279, .
.......... 17111155122.
115115515. 355 11511515.
115115511511, 65. 355115111551.
115115551. 355115111551.
115155, 1151555, 1151555, 0561155, 5.
........., 3555, 337, 339.
........., 1155511, 252, 273, 288.
.......... 31555, 237
.......... 11115555, 300.

115155,115155115,Δ6115,360.
.......... Edmund 410.

11555,115555,1151155,115555,1151565,133·
142152, 159, 165, 210, l,r231.
.......... 2115511565, 130, 154, 219.
11551515. 355 11551515.
11515 [11515], 77111155 65 15, 434,
1151515515. 3551151151551.
1151515515, 355 1151151551.
1151551511, 3555, wife 51 N 1555155 65, 389.
1151555, 77111155, 442.
..,3,555 11115 51, 442.
115115515515. 35511511551115155.
1151151555,511515515515, 55. 115515, prior 51.

.......... 11515551 (uie), 1151515515, John
347, 363.

INDEX OF PERSONS.

,1151111151535115109

11555, See 11511115 556 1151555.
Μ555ο115555. See 1155555555
1155565535511115655.
1455565551. See 1155651151
115551516, 115515165, Ρ515165, 291.

, 1155555555. 3551155555515.
1 1155555555. See 1155ρί555115
1151151555. See 11551555

k Mounteburgh (Montis 115151) [6155555 51
0,55155555]1555515111.

1155515555. 1151151555, Monte 1115551415516
65 134, 150, 160, 179, 216, 425,

i .......... 1515115155.
.......... william, 218.
115515. see 11515556 More.

11555111511511511515115551155. 3551155155.

1155151553555, 6515 51 11511511 556 5511
1115151151. 12, 28, 171, 217, 226, 242,
430, 469, 476, 477

.......... ,5111551554ἓ55 [1111111151 55551555 Mn»-

1151111115. 5551151155.
1151155. 35511555.
1155555. 3551151555.
11551. See 115115.
115555,1155555. 3551151555.
Muohogros, John, 421.
1155551651515. Philip 65, 329.
.......... 81555 65. 329.
1155155. 1355115151.
1111155155, 1151555155. See 1111551115.
115151516, 1111151516, 3 5115 65, 243.
1151555511115, 7751151 65, 467, 472, 473.
115115 ,Μ5115, John 5115 109, 288.
.......... 1115551, 551151 Ρ55555, 245,

1 1111111355551115411.
1111565, 3555, 448.
1155655, 1151156511, 3511565, 52, 58, 70, 74.
1155551515. 3558151511555.

1155555555, 1111551555, 1155555555, (41155
65,142,165,321.
1155135551.35511551151151

5 1155111ἓέ6 1121551555 651151511511351111,239,

¹ ,1111115655 115156555, Roget 65427
1 1651551, 3555, 314.
Ι 11οῆ4211555, Α51111111565,51411555155,

.....,...,3511565, 236, 242.

.......... 1151116565, 242, 245, 277.
.......... 1151511235, 238.

1155115551. See 1155551151.

Μ111555, 1111515555, 7551511565, 425.
1151513555, 50, 67.

11555555. 355 11511515.

1155155, 3555, 448, 449.

 

