INDEX OF PERSONS.

111113133, 31,-3333.
......... h91131113321112234, 240, 281, 283, 288.

.......... 3113313323. ,
william, John, 337.
111111313331131. 83311113 1111111113.

11131313, 1111313313τά, Wylyford. [3311111
ooln]‚ prior 31, 463. 466.

11111311 [oo. 111113], 3113333 31, 14, 28.
1111133ᾁο117121133, 131333 31 333133 (13, 62, 56.

.......... lord 31. 833 61131.

.......... 113133 (13, 237.

......... , 11133313 (13. 28. 47, 63.

.......... 1131131· (13, 33, 37, 40, 43, 52, 66.
11133ἤῶ11331, 1111331, 11311331, John de.

.......... Philip (13, 467.
.......... 1131131133, 167.
.......... 1131131 (13, 144.
1133331333, John (13, 312.Ι

1111133133, 33. Donet, 333333 31, 44

.......... (13311 31, 44, 92, 93, 98, 99.

1113333313113, Wynchoumb, Wyohinoumb‚
Wynoheeombe, 33. 8133333131, 331131 31 ,
236, 236, 238, 264, 268, 267, 268, 271,
274, 287, 291, 300.

1133333131, 3133833333 31, 333, 369.

,,,,,,,,, &hssowfflff’ 319, 320,

.......... st. 31131311, 313111131318820,
313, 331331331343313331311.

......... §81. Mary’s. 3311333 31. 306308, 310.

.......... 181, 3115113133, 113131. 308, 309. 313,
314, 319, 320. -15, 330, 333, 335, 346.
348, 352, 357, 359.

......... ἐδῗηὴα of 133 college 31, 345, 358,

And 333 Ι1331113111, 1131311.
winchester, 331131, 33113 31, 14, 32.

1113333333, wintonia. 1113131111133333113,
John (13, 277. 325, 347.

.......... 11133313 (13, 307. 308, 309.

.......... ’11113131 (13, 139.

111113. 83311133.

11131313 113113, 11ῑῖ31313 8113131331. 833
233333111 iam.

1113131113133 1131111133, 11331, oo. 1131331,
3333131, 17, 20.

1113131333133, 1113313313, 1113313313.
John (13, 44.

.......... Roget (13, 26, 29, 49, 66.
1113111(ἑᾷ4 1113131131, oo. 113313, priorem 31,

.......... 11131331, 11311311, 11111, 413.
1113133111. 83311133333131.
Wirgroder, ’1331333 (13, 20.

11133331. 833 Wyskard.

Witohampton. Wyohehampton‚ 33. Donet.

motor 31, 92.

649

13131111, 3311111311.

11113313, 833 11131113.
1111313133, Thomas (13, 8.
1131133133, 1111111131, 229.
113313ἔέἔ1111313111, william (13, 260, 261,

11333, Henry 3113, 317.

.......... John 3113, 445.

1113111118 3113, 284.

11333333. John, 260, 261, 262.
Wodefoldo, 3113311113, 317.

.......... 1111113111, 326.

wodeford. 0133813133, 149, 179. 227.
1131133131,’1.“333133 (13, 136, 161.
11333333, 11133313 de. 468.

1133313, william, 318.

1131131311, 3111131131, 11113 31 william, 337.
.......... 11333133, 334, 357.
3.......351183333 306, 310, 325, 329, 334, 348,

.......... walter-¹320.

.........,111111313,337.

wodeton 8331131133.

1133333111, Munda, 445.

.......... 1133311, 296.

1138311131, John (13, 426.

.......... 1111133451.

wodhillo, John (13, 436.

.........,’1’333133(13,429.

1133313163. 8331131313113.

1131136333, 1131133833, 3311314.

.......... 1113331113 (13, 161.

.......... Thomas (13330, 332.

113111. 833 113111.

11311, 3133316 le, 42.

1131131133, John (13, 338, 340.

.......... 113133 (13340.

Wollop. 8331131133.

1131333133, Thomu (13, 162.

Wolryeh, 11133313, 445.

1133313, 11111133131833133331131, 103.

11331133 1113311113, 33. 1131331. John, 3333-
1313 31133 31133111 31, 81.

1131333131, 31333331, 234. 236, 236, 238, 239,
246, 247 ..48 249 262 263 268 267
3063. ἐς, 272, 274, 276, 280, 289, 297,

1131111131. 1131333131333. Η3131313, prior
31, 385, 386, 410, 418.

.......... 1133331313. eo. Η3131318, 13111 31,
376. 391.

.......... 11133313 (13, 386.

11313ωέἓέ 1133133, 1138113113, John (13, 325.

worth, 33311, 60, 66, 76.
.......... Thomas, 36.

. 1133133. 833 1131311333.

1131133, wodeton, John (13, 291.
.......... 11311311 (13, 131, 4, 9, 38.
.......... 11111131 de. 166.

 

