INDEX OF PLACES.

Duynor. 6661166161.

Dyulesdon 8661111166.

9166611616. 8661116116611

01666666111111666611611. 866 1113111611.

116166186611661161.

111116616611111166166. 816 9111161166.

Dylywo. 866 Dilwym

Dymook. Dymmok. 0166666161, 243, 250, 258,
265, 285, 294, 298.

.......... 1111116, 1611616666611298.
111661Ιῖ) {agian (8616116111). See Temple

Dynor. 816 11166661.

E

1111661666, 1111166, 11116166611116116, Hero·
ford, 377, 392. 412, 416.

.......... 616161 61, 405.

11616161Ξῖὲ 1116611666, Η6161616, 377, 390, 392.

1161161666 [16 36111116161111111611666, 111161-
166, Haut-³, 369, 331, 345.

1111116611, (1611611 [16 AlmondnburyL 11661-
666616, (1166661161, 275.

1161166191ῧ666, 6166661116, 11161, 61616161,

,1111766ἓέ166 666, 6666166, 114,

.......... 61616161, 199.

1161116166, 11111616, 116661, 138, 171, 220.

.......... 616161 61, 192.

1611166166, namon, (1166666161, 266.

1611161161 16111116. 1311166116, Ε61Ι6111,1161661,
ffihffffl’ (1166661161, 237 , 247, 272,

1111116Ι 1 [16 866118166611161, 1161116, 111116,
, 318, 336, 351.

1161166ξ2ἓ16116111 HuylingL 111166666116616,

11611661, 1111666616, Η6161616, 389.

.......... 61616161, 403.

6616616166, Eunu, 320.

.......... [in 1666661111111166. 111616, 312.

......... [in thwutorL 116166, 14111166,
111616, 321, 340, 354.

.......... (11661, 1116166 6116 11166616, 8661666
66 Mentem, Ε6661, 152, 174, 221.

.................... 616161 of, 196.

.......... 111116. 11111666, 1161666 ad Turrim,
152,174,221.

.................... 616161 61, 199.

11611166, 811166, 1611666, 1111116116 116616,
313, 332, 344364.

.......... 661161 61, 342.

8116111161. 11111161, Herum-d, 435, 451.

.......... 616161 61, 460.

1361111666, 11111666, 11116166 (sic), Ε1161, 137,
161, 102, 212, 439, 442.

.......... 616161 61, 185. ,

571

&ton [in Foy]‚ 8166116666, 11166 61 11161616,
116161616, 380, 383, 386, 415, 219.

......... [16 1666166161],Ε166, Η6161616, 382,
383, 398, 414, 421, 422.

......... Bishop, 816611ρί666ρί, Η6161616, 387.

.................... 616161 61, 400.

1111616111 1616 866 Ε11161111.

1111131166. 81611161166.

Ebrington, Ebriton‚ Ε1111166, Eybriton,
(1166666161, 254, 267, 291.

1111611611[16 11161661, 1111666611, 1116611611,
8631166611,Η6161616,380,396,415,419.

1616666611 866161166111611.

1161111166. 866 41161166.

8661611166. 86611161166.

1166616166. 8661166666.

Εᾱς661ἒ181ὲ1ξ51ΐ61ἇὲἓ11,1ρ1616111,0166661161,

1666666166, 8666661616, Eymondeshnm,
866666611616,1)61661,27,39,46,62,117.

.......... 61616161, 92, 93, 94.

116116 116161, 1666166, 16666166, 1666116,
1166166, Η6161ο16, 381, 383, 398, 421.

.......... 61616161402.

111616 [16 Μ111616], 1111616166, 116616, 316.

Egbury, 16661611, 116616, 308.

816Ιί661166. 866166166166.

Egeram 866 06616166.

Eggardon, 11161666, 1161661, 6.

1166161166,816166661668616166611661166111161·
166, 1161661, 23, 24, 25.

3661166611. 866136616116111.

8516166111 Payn. 866 8166111.

113166. 866 01161 1161166.

8161666. 8161166166, 1111116.

11161666. 8686611666

Ekesbury. SeeExbury.

1116611611 1111666611. 866116616111611

ΕΙ116116Ζ6έο11Ξὲ1361166, 611111611666166661161,

116666. 866 111666.

8166616116. 866 816116 (11161111.

111666, 11116666, 1116666, Η6611, 310, 325, 352.

.......... 66116161, 342.

8166661616. 86681616 0161111.

Eling, Elongo, Η6616, 317.

Elium 866 1111116166.

Elkstone, Η1111661ο6, 1161661166, 8116166,
8666166, 0166666161, 239, 247, 256,
271, 279, 280, 299.

8116666 81611666.

1111611616, 866 816111 0161111.

1111666111 Puyn, Ellewurth. 866 11166116

1111661616, Elyngham, 116611, 322, 327 , ³49.

Ellington, 11116166, 11116166,Η11611,467. 471.

.......... 6111161 61, 481.

1111611616, 11611616166, 1111616166, 01161161681.
1161116, 116616, 313, 330, 344.

.......... 6616161342.

Ε16666ὶῗ9116460)118664,41116116666(116), 11161, 150,

i .......... 6111161 61, 197. ,

 

