544

711115, william, 444.

751551131171411151518, 51 winchester, 55151551,

751555, John, 74.

.......... Walter, 511751151155, 115.
71115551,115151, 452.
7111555751555, John, 289, 282.
711115,75111,15115 85, 8, 33.
7511111, David, 830.

INDEX OF PERSONS.

U
511555151355551555151, 155, 155,

11151518, John 85 27.

0551115511 mm 717107 5115155155155151115.

(tic), 1555, 439.
.......... Ρ515185132,157
.......... 7151555 85, 134, 159, 210, 439.
75. See 755.
7511551515, 17111155, 03, 80, 81 82.
7515155, 3151518, 300.
7551515155. See 715515155155.
7551151518. 855 7115111518.

7585151555ζὲ5,7 ἒ585151555155, 15115 85, 53,

75851155ὴί85. 0557585ὴί85.
75851155, 71851555, 1151511 85, 8.
.......... william, 5175855515, 108.
7585155155, John 85, 292.

758515185, ΜΙ85ἒῖ5511585,Ἦ111Ὺ11Ε85115511185, 2875151-
551551

755Η7515155115, 132228.

.................... 5111111155, 445, 450, 453,

.......... 7151555 51 7155155 5115, 188, 430.
755115. See 75115.

75115151. See 7111515151.
7515. See 71115.

75151, 751515, 85515518 15, 282.
.......... 11111155, 448, 454.
751151, 11151518, 201.

75115. 355 71115.
755115151751151 85, 9.
7511511515). 855 751555.
75515155. See 71515155.
7555151, 7551511. See 7151511

75151, 751511, 751511, 711511, 75151, 751511,
351115155511, 338.

.......... 7811518, 449.

......,.., John, 218, 217, 222, 350, 378, 385,
391, 451, 475.
......... ἐπὶ... 151, 5141555585, 55. Fam,

.......... 1151511,398,414
.........,115551,238,382,388,398.
.......... 7155155,221,222.
7511551515, 7151551 85, 435.
751555, 7555111151, 51151 51, 80.
75551855, 05571111518555.
7551585. 355 7151585.
75151155585. 855 75851185.
75115. 85575115.

......... See 5115 Marah, 11151518, 5511 51, aad
York, 11151518, 8515 51.

11151155. See Η551155.

0585555151, Η558515551515, 115511155515,
(1115155,111. 187, 178.

.......... 71151555, 151, 178, 225.

.......... Walter 85, 149.

1158511151, 7751151, 373, 394.

11515155 [55171851 5115151, 11, 89.
0515511555, 1151511 85, 135.

11555155. 855 115155.

1151151151, 11811518 85, 10, 34.

.......1., 11151518 85, 10.

1151554ῌῖ555155, 05155, 1515 85, 335, 413.

.......... 1518 51, 393.

.......... 11151518, 417.

.......... Roget 815320.

.......... 71151555 85, 377, 393.
.......... 7751151 85, 138, 171, 220.
11151558. 855 0151558.

11111, 11115, (1111511, 133, 217, 440.
.......... 1115115155, 133, 211, 440.
1155151, John le, 170.

1151, Georgo, 300.

1111151115, 7155155, 374.

01585151535158515, John, 344, 350, 350, 357.
5 .

.................... 51 7151511551, 301, 304, 389,

V

71515, 3151518 8515, 170.
7551111, Margaret, 358.
.......... william, 358.
755155. 855 7555155.

1 75115, 75151115, 282.

751’,4855 85, 139.

 

