542

2111101 11,-00111 , · >
..... [RichardL 1016 01251, 254.

.......... Simon 0112115011, 119.

2110111010, 6οΜ1110110, 1111111111 325.· <

........., 1101011303325, 352.

2110110111, 2111011016, 2111Ιο1101111, 211011016,
1110110111 60. 155, 219.

......... 2111901161Ά1ἐ560, 136, 131, 147,154.155,176.

2011021101111, 349, 356, 371.

11111211011,1101160435.

.......... 1111111161, 127. 154. 218.

.......... 2010160141430.

.......... 11030161, 136. 431, 435.

21111113οω21 2110110, 00. 1101101, abban
01, 12. 13, 22, 39, 40, 42, 43. 44, 62,
63 64, 32 123, 368. ’

1121113121 3311315311 ⁰⁰

2111111,21101110,327. “

2110111110, 1011110111. ·

211111. 1116101161, 7. ’

21111101. 3012111113101.

2011111011, william, 01 3111110463.

211111, John. 371.

21111101, william, 337, 355.

21101101, John, 01 2001015011, 296.

201111001 [00.110101], 1111101 01. 3, 11,33.

211110, John, 351.

1111011010, 2110110110, John 60, 37, 56.

2011011011. 3112131011.

21111011, 2111011, Tuylur. 301 21111011.

20611011, 2060111110 witra, 00. 110101016,
10160 01 , 334, 414.

2111016 301 2110110111

20111111, 00. 6101001111, 1016 01246.

211111111,1110,14560146,161,163176 215,
2389239266 328 356

201111110111101101111, 182.

.......... 1110111116, 287.

Tom'pull¹ william, 304.

20161113, Thomas 61, 172, 176.

201011. 30121101

Torlingg, Ter'lyng⁹ 1011160, 146, 171, 215.

.......... 1111301160, 171.

.......... 2110111160, 441.

Tetri, Banulph, 12.

.......... Walter, 01101101, 463.

2011100060. See 8101010110111.

2111011, John, 371.

2011111, John, 420.

Teu. 301 20110.

2011001111. 301 2011111111).

20111. 201, Tyn, Tym. John, 71, 451, ’

.......... 1110110119,110.··
...,Bn‚lph 52, 71.

2011111111,2011100111111 [00.(11010],11)110101,
39, 83, 88. 252, 276, 273. 275, 277, 290.

.......... chamberlain 01, 83.

(Pomm, 316 1117113100.

Taya, Toyo. 11011011 60, 172.

INDEX OF PERSONS.

³ 2111010111. 311 2110110111.

211011. 3112111.

Thale. 00. 110111, 100101 01, 450.
2111115011110110111. 456.

211011οἓἙοᾞοτά [00.11011011],11110101,

21111016010 211ἔο10601, ,,21111101611 11011160,
33, 316 17, 328, 356.
Thoby [111 1101111010113] 201110, 00. 211101,

1110101, 163, 207.
211001101311201101101.

‹ · 21101101,111116, 239.

,1..,0111, 232, 475,
.......... 1011011111, 11110 01 John 10101. 317.“
.......... Williamup, 1111.. 413
.................... 10101147,
2110111110, 20101110, 151.
2110111. 310 201]
2110110 1110110110, 218
2101111101, 1111101 1110111116 61, 282.
2110111016, 2111111016, 1001, 325, 348.

Ι ...., John, 325. 348.

.......... 11111161, 326.

Thombury, 00. nereford, 1016001, 335, 415.
2110110117, Philip. 447, 448.

211011ωο1110, Thomna, 323.
Ἠοωέῗξοῖὃῦοᾚῖἰᾱςο] , 1111101 01, 473, 474.

.......... 11110101 01, 480.
2110111ιί2111ζ Βο161111, 01 2101111111, 166, 122,

.......... 1101111011.

.......... 10111161, 41.

.......... 1111101108.
211010,11’1110160,445. ·
21101111131121111101111

21111011ῗὲ115, Tamholo. 00. 110101, prior 01 149,

⁴ . 2111116111111, 15.

21116601, John 60, 331..

.......... Thomas 60, 325.
211160110121111160110, 1011161, 148, 178.
.......... Philip 60, 446.

.......... 1103111116 60, 148.

· .......... 2011011 61, 148.

.......... 1111110161, 148.

< 2111111011,11011011,111160101 11011 Collega,

1111010301, 372, 373.
2111111016. 300 2110111016
2111101111, 21011110, John„ 337, 351.
2111111001, 12011. 00. Tm, 110101 01. 208.
21111101ομ, 21011116, 182.
Thymyng, 10111, 474.
211111060121111101601. 311 21111016110.
2111111311 301 Tilleburgh.
2100111101ηο. 0110111110. 2101010110. John
615313ἀ ἒ1658, 332, 334, 340344. 354.

.......... 111 0111111111, 331.
.......... noga 11011111, 110111, 111,

1 ......... ι1211111111, 0111016011, 363

 

