548

1755555511555505, 287. .

17555551551555 05,212.

1755551, william, 352, 353.

17555Ιῖ 1755551555, 55115551550, 1550 51,
79, 380. 398.

1755515555, John de, 317.

175515555551755155555555, John de, 288.

.......... 1711115555 05, 235.

wermonon. 1755555115,175555555511,05511555
05, 9, 19, 20, 30, 34, 38, 49, 57.

.......... 15555115, 57.

.........,.15155,49, 79.

Wermyngton, Walter de, 472.

7755555. 855 755555.

17555515, John de, 333.

17551, nonnula, 1550 05 15 775555, 07, 00. 72.
79. 81, 105110. 115116, 120 bie, 128,
350, 358, 372, 373.

.......... 1555555, 291, 325, 327, 333, 358.

Weetburi, 1111055555505, 234.

1755115555, 115155 05, 143, 100, 231.

775511555. See 7755155.

1755115, John de, 148, 177.

westminster, 5555151, 144, 140107, 170.
215, 232, 230. 254, 273, 298, 433. 430.
443, 453, 4024.

.......... 555555151, 425.

.......... precentor 51, 192.

.......... 555515155 51, 402, 480.

175555551550, 555151. 85511551115,115155 05.

7755155, 775511555, 1455155, 125.

.......... John de, 321, 337, 352.

.................... 51 1155155, 281.

.......... 1151555155 05, 337.

.......... 111555555105, 338.

.......... 11155550, 15, 201, 202.

.......... 1155551, 80.

.......... 11555555 05, 154. 175.

......... §gilliam 05, 51 151115 11510510, 381.

175515555555, John 05430, 448. .
17551551, 1155515511, John de, 426.
Weetyngten, Margaret, 448.

Wethnmeted, Wethumetud, 1115551555 05, 420.
1751555055, 17551555055,11515505, 142, 100.
17511555, John, the younger, 290,

17555. 8551755.

175555,17555, ravenne.

17551055515. 85517510551551.
175555555054753715551505,0555551505,·15155 05,

......... ὲ(5511Ιί555. 5105511551, 55. 115515, 303,

.................... 1555, wife 51, ibid.
17551551550. 85517511550.

1755515155, John, 452.

1755555512, 175555555115, 55. 115515, 555555 51,

INDEX 011 1111180118.

Whetherden. 8551751555055.

Whightfeld. 855 1715111510.

1715115155, 8551711555.

17515151, John, 147.

17151154117215515, 1755151, 77515. John. 109122,

......... Walter, 324.

................... 15, 425.

.......... william, 305.

17ὴί1555555, 1155551 05, 434.

1751151510. 855 1715111510.

1751150510, 55. 115515, 1550 51, 338.
1750555555, 17515555551555555013, 417.
1751155555. Stephon, 284.

1715115555, 1751555555, Ε551555 05, 373, 384.

390, 395, 415.

1155551, 151, 415, 410, 420, 421.

1715111510. 1711551510, 1751151550, 1751151510.
17 1510, 1755151510, 17515511510,
5ξῖξέῆὲἓά , 1555 or 1515505118. 17.

.......... 1155551, 77, 351.

.......... 1751155 05, 281.

.......... william or william 05, 5, 45, 230.

175111155155,17515551551715111551557151155
155, 055, 419, 420.

.,.......,1155551,250,295.

.......... william 05, 257. 285, 303, 390, 415.

17511155, 11155550 05, 420.

7715115551555, 102.

1751155155. 855 775111155155

17155515, 855 ,77555151

1715515550, 1155551, 442.

1715515. 8557715115.

1755151510. 855 1715111510.

Whytegrene. 855 Whitegrene.

Whytehed, 1155551, 347.

175555115105. 855 1715111510.

171511552ιέ5, 1558155555, 71515555, Elisabeth de,

.......... 15155 05283.

.......... 1155551 05, 255, 272, 288.

.......... Τ1555555,151.,340.

.................... 51 5155155, 55. 051550, 372.
......... 96555551 Broughton, 55. 051550,

171515, 175155, 55. Eeeen, 55155555 51, 187.
17155535ιέ,4 173185555555, 55. Η5551550, 55551 51.

.......... 555555 51. 400.

17115,17515,15155 05, 281, 234

.......... 11155550, 51 Β15055, 107.

.......... 1155551 05, 273, 281, 284.

.......... 1751155 05, 21.

17115555515, 1751555515, 11155550 05, 287.

1711555. 8551711555.

171115155,175155155,1751115155 [5117511155-
155] , 11555505, 285. 293.

......... 3{lolhn de, 253, 258, 205, 270, 288, 292.

.......... 1505 51, 290.

 

