518

Kylpok SeeKilpoek

Kynntdeuleye. 355 Kinneraloy.
11]55115,Τ555155,283.

Kyngmnde. 355Κ10350000.

Kyngza, John, 183, 290. 444.

.......... Simon, 470.

1150355105, 1550 05, 337. 338. 339. 340.
.......... Jordan 05, 322, 337. 339. 340, 352.
.......... 111555155 05, 249, 208, 283.
1553555511, william, 352

Kyngton. 855 11103550.

xyrim. 5515 01, 431.

115155. 5551105511.

L

155555, 1555551155, 11155550, 235, 291.
15555055. 8551555153050.
1555552735ὀ 15555155555, 11555] 05,141,16-1.

nmffmm.mmmm

imamummm

441.

15511, 51151. 1ae 1, 1551, [5, 5551,
mmmmm

555555 51,
322, 340, .
15505, Thomu, 48, 05.
15555, 1711111151 05, 140.

1555. 51155 05. 55001555 01 1155015. 51. 08.

.......... nomae, 555101 1155015, 14. 22. 28.

32, 47. 5108.
1555115551, 515155 05. 429. 430. 430.
.......... 1111555105, 395.
.......... 1055 05, 395. ,
.......... 105505, 379, 308, 395.
.......... Philip, 51 1155155, 115.
.......... 1155551115, 148, 177, 220.
.......... ’1555155 05, 177.
.......... Walter 05, 240.
.......... william. 411.
Imyudon. Seelmhingdon.
15115505. See Venn.
1505555. 855 Grave.
15151. 8551515555,
1555051051055840.
1555555505. See 1515015555.
15555505. Secum.
1501550515. 8551555115
1555505505, 1110150555, 1511155 05, 134, 100,
217, 439, 440.

.......... Thomu. 100.
15015551, 1115501115 05, 41.
15050555. 855 1501505505.
15555551, 1515375,

INDEX OF PERSONS.

ἱ 1505555ἕὲ115057, [5551] of. 35, 280, 324,
1ωωπωηωωωω.

.......... 1551555555101, 208. 333, 388, 380.
N 855 also 1111555155, 555101.

......... ,245ἓ51 01, 15005 5510 01, 43, 245, 247,

1511555155, 05 1505555515, 115555, 247, 255,
250, 208. 271, 280, 290, 309. 310, 314,
315, 325, 333. 345, 351.

.......... Hugh 05, 431.

.......... John 05, 130, 132, 149151, 170, 178,
218, 225. 227.

150055, 51555501, 381. 388, 397.
15555151155551, 147. 177.
1550555005, william, 347 .

¹ lange. 85510ος5.

1 15535055. 8551505155.

ξ langeford. 11051050 05, 340

Ι .......... 15555115, 354.

.......... 105505. 322.

.......... Roget 05, 340. 354.

.......... 1555111505, 340.

1553515, 1555515515555115. 8551505151.

15035155150550055. 8551505155.

15055515. Georgo. 225. 220. 230.

1 .......... mffimwmam

{langley hugeley, hugone, Inngolo.
Alexander 05, 420.

.......... 1100111110 05, 245, 277.

........, (1501155505. 239, 270.

.......... Henryffi.

John 05. 236, 242, 244254, 259282.
270, 277, 291.

.......... 11155550 05, 339, 420.

.......... 1551115505, 320.

.......... william 05451.

155515551211055, 50.Η5515.,151555555555555 01 .

15555505115555343.
1155351555, 1550. 350, 309.
. ...5551555325
· 15551511. 8551555551.
1555150, 15555055. 15 one. langeton,
15155505,133.158, 17.
.......... 1105551, 470.
4 .........,15ο515505,433.
1 ,,,,,,, fflQOmffimm
5 .................... 51555 51 0055515] md
11155115104724 .
.......... 1111111115 05, 221.
15515. 85515555.
15051515, 11155550, 350.
15515555, 1115515055. lantone 50. 01505.,
5105 51, 240. 247. 251. 253, 205. 207.
{gg ἐξ. 273, 274. 280285, 290, 290.
1551555251515. 855 1515555555.
1515155. 8551151155.
1555555, samber.

 

