11101111, 101011, 1111, 10.

11001011ιὲ11, 10101101. 1101001, 11, 13, 15, 33,
1110010110, 101011 or 100 01, 11, 150.
Βο110101ἐ2111ι1100101, mmor 010100000101,

Basing. 00101101, 110110, 344.
Βο1101ὲ1ί31010110111010101, Fau, 135, 149,

3011000111, 100 01, 110111011, 435.
11011101, 1111110100 01, 110001, 130.
3011001101001, honor ο1, 1101110111, 424, 452.
Β1010011111, 3110111110, 801001001, 2.
310101ἷ1ἓ1041111011. 10101101, Eam. 131, 135,

3101110111, 11110101, 110101011, 376.
Bononia. 800 Βο11οςο0.
30101011 800 11011011.

30010100, Bononia, honor ο1, 130, 131, 133,
130, 141, 144, 147150, 438.

1100101011. See 11011011.
8100100101. See 1111110101.
310001, 10 3101011011000101, 382, 398, 399.
3011011, Βο101011, 3011101011, 1101011 or honor

,01, Ηο101011,010. 378, 379, 382, 393,
395, 338.

1111001110. 800 8101001011.

001101, 00011101, 10001011101001, 010. 27.
011101110001 111 mmor 01, 1101001, 27, 63.
00011011 111111Ιὶ110. 800 Ρο100 000110.

00100, 1111111301, 1101001, 3, 6, 21, 23, 30, 33,

01100101, honor 01, 470.

chem& 0111001000, 10101101, Donet, 010.

0110011101, 101011 or honour 01, 110010,

010. 15, 32.

0101011011, 0111101101, 011111001001010),

10100101, 0101000101, 238, 239.
01110, honor 01, Eut, 010. 147.

01111011ῶο1οἒοὲ111 ὦ 0309011331, 110101011, 378,

001101, 1100111100101, somerset, 70, 80.
0011011100, 0011001100, 10101101, 238, 239.

11001. 110οο0, 10101101, wilh, 010. 21.

11111010, 111110, D 10110, honor 01, 110101011,
378, 381, 331, 398, 399.

11111101, 1100111001, 11100101, 1101001, 72, 79.

110101, 000110 01, 135.

1101111101, 1111001010, honoros, 110101011, 370.

1111100 Ηο1011,Ε111011οΗ101011, 111011 01
, 110101011, 381, 397.

11011, 10101101, 0101000101, 212, 243,

(11001001111, 10101101, 1101001, 010. 30.
(1111101, 10110101. 0101000101, 203, 297.

1101101100. See 01101101.
matinga, 10101101, 238.
Ηο11111031ὲ1111111010,10101 01, Eum, 010131,

1101011οο. See 01101101.

Ηο11010. 800 1111111101.

11110111, Η100110, 01101101, 110111011, 437.
1111011101, honor 01, 469.

1101101, 111111110101101, 1101001, 010. 1.
111111οᾷ111ωο, 10101101, 11011011, 010.

11111001, 1111101101, 1111101,10οο101,Ηο101011,
382, 394, 3118.

1011110101, 10101101, nereford, 010. 430.
1111011010 1101, 100110, 11100101, 1110001130.
1010101, 100 ο1, 1111011100, 010. 470. “
111001, 11010101, 0101001101, 2111.

111011, 1111011110 or 100 ot,
110101.. 134, 149, 10101410.

11οο0110101 (de 110010 camo), 111011 01
Eum, 010. 129, 236.

110110101110111101101, 1111110101, 1110110101,
11)ἓῖ113001 100 01, 111001, 010. 130, 149,

1101110111, 11οο0111110, 001011 or honor 01,
Ηο101011,010. 379, 3911.

1101100010, 1101011 01, 1101001, 010., 16,
11011111, 11011011, 100 01, 28, 32, 112, 18, 424.

11011011, 11000101, 0101000101, 210.
11011101 000110, 11110101, 1101001, 71.

0101101111οὲ1ἰ 00111010, 10101101, 1101101,
0 . .

Ρο110 000110, Castrum 111111Ιί111, honor 01,
110101011, 010. 381.

Ρο110111, Ρο1101110110, 1001011010, 10110101,
Β10000, 381, 397, 411.

Ρο101011, 1010101, honor 01, Em, 010. 131,
134, 135, 149.

Pithon, 11100101, Ηο111011, 437.

 

