488

INDEX OF PERSONS.

301110 (de 30110) [00. 8000001 06110101, 209. 30001100 (de Bello Loco 11001101. 00. 110010,

110110, william, 24.

3008, 30080, 1οο0 80, 157, 172.

......... 11100000, 224, 447, 451.

......... Walter 10, 431.

30008οψ, Rnlph, 473.

30010011. 800 30100110.

300001, 3010001, 01 Auntyoohnswn, 122, 124.
30080. 8003008.

3080000. 8003010000.

3071111, 3101100810, 12.

Baylly. 800 Baily.

Baymrd. Edmund, 33], 346.

.......... 10000110, wife 01 John, 165, 171, 172.
.......... Philip, 346, 361.

.......... 3101008220. .
,........,1101)001,346.

.................... 01 10010000, 00. 171110, 362.
·········· 11000438.

0010101, 307, 317, 318, 322, 327, 349.
30000000, 3000000. 30000000, (1001100180, 472.
.......... Hugh 80, 376, 391.

.......... 1101001080, 151, 169, 224.

.......... 3011001 80, 471.

.......... Roget 10, 467.

.......... william. son 01 11011001 80, 471, 476.
300000οο8, 30000080, 30010008, 3000000080,

3000100011, 80 30110 110010, Aliae 80,
{He 01 John Spring, 137, 150. 161,

.......... anry, lord 01, 863.
..,..,.., John, 326, 336.
......,..,1“100ιο00,336.

,110 ....... 01 17001001οω 1100000008,

.................... 0110800000, 115.
, W. 80, 249, 251.
300000γο. 800 30000100.

......... aglom, 138, 141, 165, 171, 226, 230, ¹ B⁰⁸¹¹P¹⁰= 110801, 435.

.................... 000 01 John, 165, 171.

3070000, 300000, 300000, 300000, 301000,
300000, 30000, 30710000, John 80, 141,
164,178,475.

306001, 149, 178, 227, 468, 469.

.......... 110μο80, 164.
.......... Thomu 80, 141.

30000008. 800 3000000008.

30001010, 300060γο, 30000281,

.....,..., Hom-y, 58, 75.

..., John, 75, 248, 281.

3000010000, 80 30110 Campo, 81100, 272.
...,..,.., 010010. 31, 61. 64.

(11100, 339, 311, 334.

......... ,28500 0001 01 17000101, 247, 251, 254,
.......... Hugh, 321.

.......... Humphrey, 7, 36, 41, 69,

...,,..., 180000, 339, 346, 354.

.......... 1001101 10, 00001000 01 17000101, 298,

.......... 000, daughter of 81111481.

.................... lady 013003000ομ 8008600-
govenny, 1000, lady 01.

John. 17, 26, 29, 31, 59. 61. 64, 75.
136, 147, 160, 177, 222, 226, 293, 446.

.................... 00, 110000, 367.

.......... Peter (10, 436, 431.

.......... 3101008 80, 0001 01 17000101, 235,

236239.

............................. [1402],444.

.......... Sibyl (10, 439.

.......... 1100000080, 295.

.................... 0001 01 17000101, 175, 267,
271, 273, 280, 285, 267, 282, 444.

.......... 7701100 80, 254, 287. .

.......... william 80, 46. 62.

................... ‚ 0001 0117000101, 235, 236, 239.

30000110, Thomu, 01 008010, 106.

300 [Normnndy] (80 Becco Harlewym'), abbat,
01, 12, 23, 24, 25, 96, 207.

30010, Margery, 0110 01 1710110100. 170.

.......... 30101 0110, 327.

3001100287,500. (4100000100, prior 01, 264, 274,

30800010, John, 01 0000010100, 124.

3081008, John 8010 01, 120, 213, 298, 370.

3001110011, 011001 Adam, 151.

3001, John, 0111100001, 106.

30010101, Byleye. Wyloe
110000, abbat 01, 16

3000. 800 3000.

Beggynton. 800 Bngyndon.

(1111, Bylegh, 00.
5, 156, 204, 213.

' 30100100. 800 31100100.

3010001, 3011001, 454.
301000, 3101008 80, 319.
30180, 1111110080, 160.

' 30100000οω,101080 140, 103.
ι 30101, 11080000, 15.

.......... Roget, 15.

.......... william. 6.

3010100, 110000, 138. 172, 220.
301100010018080, 161. 441.
.......... John 80, 441.

30110 {14⁰⁸ 0001100780, 384, 394, 306, 411,

.......... John 80, 379, 394.

Belle, John, 450.

3011080. 800 301110.

30110110οι00. 80. 800 3000010000.

30110 10000 Regis, 80. 800 30001100.

3011011001οο0. 11010010 80, 438.

30110 110010, de. 800 3000000008.

3010000, 31011008, 285.

301100, 30100, 122.

3010000,10011001711110οι 80, (000100 01 st.
1110010, 3010101, 275,

30101101, 1010080, 145, 170, 214.

30000080. 800300000οο8.

 

