534

Bosomffiysoun, 5000, 0197100600101, 1116011,

.......... 3106016, 327.

.......... Walter, 109.

300100, 1110601110 60, 20.

3001000. 600 3010.

30101, 31101, 00011100, 433.

3010116010, 6001160, 157.

300, John 60. 142. 165.

3000010, John 60, 16.

3000016. 6003000016.

300001, 31060100. 000 01, 138, 220.

300000, 306100, John 60, 150.

.......... 30601160, 141, 165, 230.

.......... --60, 142.

3000016, 300016, 3000016, 306011, 146, 147.

.......... 2600100328, 444.

.......... william, 222.

30000110. 60030000.

310016000, simon, 0181000100, 468.

3106016, John, 01 0111601016οῃ, 259.
30106, 25.

3106016, 000 01. 600 Fit: 3106016.

31060, 141100, wife 01 Thomas 10, 312.

.......... 3106016, 452.

310610006. 001101, 10060 601601, 433.

31601, 306010, John. 469, 477.

.......... 111001100439.

.......... Roget. 439.

3111000. 600 301100.

31000106, 30000060, 3001060, 29, 49..

.......... John 60, 9, 29. 49.

31001110, 60. See 311010.

310110. 6001111010.

31010οΞἑ130000100, 3000010, John. 225, 230.

1110001000. 600 3000110.

310100, 3601110060, 0000001 saliis, 7.
31010, 311106 60, 149.

31101. 600 30101.

311010, 3100106010, 234.

......... 4ὲ1ἑ160300 10, 243, 243, 257, 262282,

.................... John, 000 01. 269,
.......... 11011160 60 10, 440,
.......... 3106016 60 10, 294, 440.
311010, 31001110, 301010, 310110, 300110,
John 60, 19. 20, 131. 326. 433. 439.
.......... «1011000. wife 01 william 60, 317. ·
.......... Μο60160. 132. 157, 228. ¹
.......... menard do, 132. 157, 010. ξ
.......... william 60. 439. See 0100 3061110, 1
110, 1100111010. 1
306011, John, 338.
.......... william, 337, 338. 1
306011, 00001. See 3110 306011. Ι
3060101101111001164. , ,
3001101016. 6030061016. 1

INDEX OF PERSONS

300600, Hugh 60, 9.
......... 336 0003460110 01506060, 328, 332, 335,

.......... John 60, 29, 307, 308, 315, 328, 332,
335, 330. 314, 346, 357.

John, 000 of. 313.

30061016, oo. 30001, 100101· 01, 185.

30061016, 300601016, 30001016, 30061016,
11111011 ⁴⁴·

.......... 1010110010, 10.
................... , of smum Prema. 120.
......... 1530111’ ‘1³19Wynmbm 11161106οω60,

.......... ’3600100 60, 175.
300610600016, 1400101 60, 18.
30010. 600 3010100.

30660106, 3066010110. -. 245.
.......... 3601006, 245.

.......... 7000 60, 271, 275.
.......... Thomas 60, 246, 279, 233.
3060, 111100, 333.

30600010, Walter, 102

Bodas, 60611 60. 21.

3060101100. 3060101100, william 60, 243, 244,

30001016. su 30061016.

Roget. John, 351, 352, 444, 453.

.................... 160 younger, 01 30601100, 349,
351, 364 373.

.................... 01 Β10000100, 70, 81, 103,
108, 112, 123,124,127.

.......... william, 183.

Roget. 306011, 000 01, 139.

3010, 6003001.

3010100, 3011010, 30001610, 30010, 30101000,
3113111 de. 337 330.

......,...(10011100,337.

.......... John 60 or 60 la, 150153169, 175,
222, 224, 321354355, 359.

.................... 01 3100101365. 366. 367, 369.

.................... 01 110 6010601110, 372.

Ι .......... 3106016 60 10, 431.

.......... 30601160, 149, 179, 227.
Thomu. 355.
3010060106, 17111100, 222, 450.
3011, Thomu. 260.

1101100100, william 60, 337. 351.
3001000, John, 147.

3001006011. See 3010006011.
30010000. 3003010000.
3000006011. 6003000006010.

3010000, 301000ογ, 3001000306900. 30010, 066000
31th370, 306. ,310 316, 331,

30111000. 30010000, 1000, 345.

¹ .......... John 60, 312318.

.......... 31061116, 349. ·
.......... Thomas, 101.. 345.
.......... Walter. 311. 323. 345.

1 301000, Honry. 319, 337, 339, 365.

, John. 318, 334.

 

