518

110010105,1ο511,250. 285.
Hunfifflffnaoeffffiff' d 5001151501οο william
110011058οο. prior 81, 412. 478. 479, 488,

.......... 0111011801. 800 11050000, 1105011 de.
1101100050. 800 8080000500.
1101051018, 100000 80, 145, 148, 170, 214.
.......... 17111100 80, 178.

1100150100, 17111100, 418.

11018505, 11810018, 102.

1101105, 110010, [00.110010],01·10101, 109, 405.
110ιο0. 80011000.

Eunt. 1000 80, 488.

.......... 10500110, 828.

.......... william 80, 428, 482, 487.
1101001050, 1050 80, 878, 895.

.......... 1701101 80, 805, 411.

Hune, 1555000, ,,110000 110005, 11005 1110008,

INDEX OF PERSONS.

105010550 Η5050. 100180. 452.
.......... 17111100.41,115.116,111.
105500, 5010.Ηο5500,1105500.1050

80, l . 22, 29, 85.

..011101 811.
105101, (10011105, 801.
10001080 100010 70010. 800 111010.
1005052155100001100010008011. 72. 78. 112.

i 15510107701100180817.
' 118011. 800 1018010.
1151051010, 1050. 454.
Ι 11το50, Η511000, 1050 10, 280, 281202.
1001800. 8008001800.
1001000
11500010, 80. 800 Hispania.

Ιν50110105(8οιω1155810010010 11800000) prior 01,
001711

mmmmmmmm]

...mm 288, 287, 288, 292, 880, 801 880, ¹

&mmmmm
.......... mm 100
000000000

.......... 3428110000, 0185051051, 85, 101. 108, 120.
110100. 800 1100511500.
1150550. 800 11001150.
Η580, oo. Ηο010, 0550101 18. 808, 807. 808,Ι

ἓξ, ,,815 818, 828, 829. 884, 844. 848·

1158011180, 11180800 80 10, 259.
.......... 11000 80 10, or 0110, 144, 188.
.......... 00011105 01, 299.

......... . (1115, 218.

.......... 1050 010, 278, 454.

.......... 11105018, 288.

.......... 1105011 8010, 888, 427 .
.......... 11050180 10, 14.

.....,..., 17111100, 448.
.................... 0110, 188.

115110. 80011011.

11500, 30501110, 288.

850800, 11500800, 11500100. 800 1110100.
11505500. 8001051100.

Ι

1000050, 100050, Ι1150000 80, 252, 274, 287.
101101001101105100 [00. 000501850550101000
1000, 1118388188. 172, 228.

1080050050, 17111100, 889.

1 .

101000017011010, 01 1100050105 885.
1000010050, 10101160.
.......... william, 872.
15001018 800 8018500.
Ι10151οι111,0081·01180,480482.
1005017011ιο, 444.
10005. Roget, 488.

1 101018. 8001101018

¹ 1018010. 8001018010.
10110, 00110, 1110, 1000. 77.
......,..,1050,48, 71178.
.......... 1711110001 001101050. 114.
101101, 1001, 1105011, 888. 855.
.......... 11000318.
1000550, John, 281.

“ 1000, queen 01 12051008, 118. 124.
10001050, 298.
1000150, 1000110 [01. 0000150], 1101515, 158,

175. 222, 485, 451.

1050. 8011501001οι1, 000 01. 147.
¹ 111100, 00001, 189, 172, 222.
11015011. 000 01, 258, 287. 889.
.....,..., 1050, 00001, 258.
ι .......... 1105011, 00001425.
Simon, 000 01, 147.
1711110100001, 141, 104.
1050, 10500, 10801110. 217, 851. 872.
1010. 8001050.
10150, 1050, 262.
10151, 1050, 300.
Jordan. 1111800. 101800, 0010110081, 115.
.......... 8008105, 480, 488.
.......... 1050, 01 170110100, 81, 112. 115.
.......... 1110511100, 848.
Ι .......... 000000

 

