INDEX OF PERSONS.

1101301, 11,-00111.

.......... 1110101130, 5. 3533, 58.
.......... 1101111131. 8.

.......... 1101111. 345.
.................... 01 31111101, 373.

.......... Philip 10. 393.

.........,1101011,344,373.

,,,,,,,,,,,,,,,,,,,, of 11101111011111111, 334.

......... , 3010111338.

.......... 11101111, 133.

.......... 19131131011350. 384.

.................... of ffingmplo, 3911409.

1101111160, 1311. 0011111101 8111111111, 337.

1101101111. 101131, 471. 473.

longo (1111110, 111111 of, 338.

11013, 1011, 144.

.......... 11010110, 01 111101, 439.

11010111. 3011110101.

1101111, 11011111. 11111131, 433, 449.

1101011133.

.......... 11101113, 443.

.......... 1111111· 10. 31.

1101111, 110111 31. 33.

1011101111, 10. ”

1101311111, 1111311111, 1011 31. 131, 133. ·

11011113. 311110113.

10113111. 3111101301.

110111, Roget, 474, 475477.

11011113, 30713111714 1101011110, 11111110,1011 4
1. , .

1

.......... 1111111011 30. 139, 130. 153, 174.
11011, Roget, 410.

1101111111, 111111, 35.

10111, 11111011311111011, 77, 103, 104. 105.

1011, 163. 173. 331. 373. 335, 347. 1

111111, 434.

.......... Margaret, 73.

.......... 11101113. 44, 33, 77. 370.

.......... 11011111,οῐ1101111111111, 103, 104, 105. ’
11010111, william, Μ.

11010111, 11010111, stophen, 44, 334, 351.
1011111219, wege, havurlon, John 011011 30.

.......... 3101113031, 13.

110111, 216}on 111111, 11011111, 330. 331, 333,

.......... 1101111, 451.
1011101111110110111101131, 137, 131, 313.
.......... 1101111 31, 433, 473, 470.
110111111111011111. 311 11011110.
111111, Adam. 385.
.......... Hugh, 301.
........., 1011, 173, 393.
11101111, 101130, 31.
11101, 141110 30, 37, 33, 43, 48, 34.

.......... 111111 de. 340.

bucy—cont.

.......... (1001111131, 434, 453, 453.

.......... 101131, 43. 48, 3364.

.......... Philip 31, 53, 70.

.......... 3011011111 31, 379, 334, 394.

.......... 30111113, 111.. 453. 453.

.......... 1101111 30, 33, 39. 43, 43.

.......... Walter, 313. 314, 413, 419, 413. 417.

.......... william 31, 353, 374, 387. 394, 337.
411. 415, 419. 430.

111111011111414.

.......... 1111111113.

.......... william 31, 438.

1133111101. Hugh 31, 438.

Ludo. 311 11131.

1111311013, 1011 01101131, 54, 55, 73.

1131111. 3011111101.

11131111. 311 1101131111.

1113111101. 3111111101011111.

111111, 1101111478.

11οη01, 11111113 30, 387.

1111111101, 1011, 414. 433.

1111011110). 311 monton.

110111, 1011. 445.

11111101, 101111, 4.

1111101111. 311 1101011111.

11111101. 31111111οά1, 453.

......... , 31010111, 453. -

111113, 30110111, 133.

11111111, 1011, 430.

11ω11131ἱ1111061121.21111200111, 1110111011), 1011,

1110101013171111111, 111, 433.
11130, Ιέιόῗο 1100111101, 00. 1101010131013101,

.......... 111130 31111, 1013 01, 377, 393.

1113111. 3111113311.

31311111, Thomu, 387.

1110. 30111, 473.

1110, 11010317.711ὲ191ἑ1111011,10. Ηο101013,1013
01. . .

.......... 1111111101111011, 1131111013, 1013
01, 377. 333.

11110. 3111111111.

3111111101. 311 1311111101.

1111110111, 1011, 01 1111101111, 137.

3111111111, (10011101. 303.

1111111. 3111111011.

111131. 3111111311.

1111311031, 1011 30, 157.

. 11111111, 1111101110. 311 11111111.

1111101101. 311 1111111001.

1 1110011. 3111110011.

11101, 1011, 183.

1110111111, 1100110111. 1100111111, 00. nereford,
1013 01, 377 , 393.

1 1110111, 11101101, 33111113 31311.
1

.......... 1011, 378.

.......... 1110101111, 375.

1111130111131111111, 111101 01, 371, 390,
405, 400, 409.

 

