598

00500 00 001000.

310301006,110000301060,300010000106,1101-1 30011100 0'2155b0c'8 30110006110110010001

m,w,ffl‚ffl
.......... 3,.003001060100010188.

...,11001, Estring 0106, Donet, 9, 112
.......... 17001110010000106111001 1060,

11001 1010ςο010, 1100001, 9, 29, 4 , 66.
31000506, 3000ι 00060, 30010, 316.

31010οἩ111001140.9 300100 615011001000101,
00 0, 7 ,

.......... King's. 300100 Regis, ehuroh 01,

30010, 479.

31010002 [10 H11n1ber], Hereford‚ 381. 398, Ι

310103600300001. 90030000100161110.

3100100100, (1001110300 30000600 30000-1,

600 (1100000101, 252, 256, 274, 287,
293 225, 361.

.......... 111110, 30000600 Pam 30100600

300001 (11000001οι 252, 256, 274.

......... 11101,111010300006οο3010013010·

600, (1100000100, 252, 273, 287.

30001011,3000010103000010, 30001010,
00100141 170, 215, 439.

.......... 01000101, 139.

30100101. 8003001000001.

11001001οο See 300110001οο

30011006, 1100οι, 137, 101, 162, 212.

.......... 0100010118-1.

......... 3100080530033 3010103006300010011,
30011οὲὲᾷ110101010, 3010100000, 30010, 322,

110011οι6 [1031110310101 30010, 327, 319.
3001100000,11001001001101101001003100-
000100, 210213, 259, 270, 281.

3066001106600110001, 5,77.

11060. 80031060.

30601006. 800 3061οι6.

306010. 800 306100.

3060001 800 3060101

306100, 306010, (1100000100, 268.
3060οΞ11ῖο01.21ἔῗᾱοιοι100, (1100000100, 243, 248,
306000 30010ιο 800 30011103 3000010100.
3010100000, 30101000. 800 30011000.
3010100. 800 3001000.

3010100. 8003001100.

30100. 800 3011000.

3011000100. 80030011000100.

301100 800 3001100

3011100100 [10 00ήο 0001101306100600,

30601100100,31101100100,110601003100
3006010000)οῥ30101000100,1500ιο137Ι

300000, 30010, 310.
.......... 010101 01, 342.
3000πο110. See 3000011.

Μ15531361121301101193
355 366.

¹ ......... 01101100ρο( 0,10001 153175222.

................... 010001 01, 199.

.......... 3000010100, 1106000 3001001, Esses,
ohuroh 01, 265.

...,.,..ὶέἒιιῗξῗ Rothingg 3000000, 30000,

.......... 1531, ιἰιι. Rothmgg,152, 111221.

1 01000101, 199.

.......... 300600(Ρὶ0501055), 152, 175, 221.
................... , 01000101, 199.
.......... Margaret, 153, 175, 221.

0 .................... 01000101, 199.

,,171110, nothing Maroy, 30000, 152,

153, 175, 221.

.................... 01000101, 199.

300100, 3000010010. 30010, 315.

11000, 300, 30000, 30101006, 389, 383, 396,
415.

.......... 01010101 ,403.

3011005016 [10 3001 11101 1061, 3011001016,
30010, 314.

1101100000, 30101006, 388.

3011100 1110000. 800 30011100, white.

1 Rothingg, 11110. 80011001110031011·

.......... Berners. 8003001110003000010.

ἷ 1101 1513 1111111 1111100111113111011.

300010. 8003001100.
30060 {131} ’1130001111 ,.,0101 110060, nanta, 321.

300600 8003000100.

3000011010 (111). See Bonehuroh.

Boughburgh. 800 3001000001).

3001100. 8003001100.

30001010. 8001100061

3001000001 [1030061001110001100030-
1000101), 3000010001, 30010, 337, 340,
353, 367, 368.

30060. 80030060.

300600 [10 36010 30101], Roudon, nereford,
3705013οι, 414, 420.

3000010001. 800 3001010001.

300011, (1110000010), 268.

300000, 1100100000, 30010, 308.

3006οἙ23300οἀ00, 300600, Esset, 130173,

.......... 010001) 01, 204
3000100, 010001 01, 30011016, 461.
3061006, 306010ιά, 0100000100, 265.

1 000. [ιι 0050010000000000.

30001010. 800 310001011. ·

30006000, 1100006000, 6100000100, 275.
3000600010. See 30010011, 000010.
3001010000. 800 300000.

11001ιί6100 [10 311001, 30010000, 30010,

30000115 81100000110, 110000, 134, 159, 216.
.......... 01000101, 207.
3001600830000600010101 01, 30111006,

 

