562

INDEX OF PLACEs

6666611601661 11601101 3660160116, 1 361101, 306110, 36616317.

36011151106ῗθ36115ῗ61160, 36160116, 36160616
36616, 467, 470, 472, 475. -
6οᾗ31111 66... .....,

16, 327, 355, 366,

36661016, 800 31611016.

361606, 3610606 800 3661606.

36106616. 800 36616661.

3610666166. 800 3601110616.

3611666. 800 36611066.

3611166. 800 311166 ,

3611168ι6361 alias 3611168601). 36110686 ,
41(18686666, 30161616, 381, 388, 3 .

3611168166, 36186666, 36616, 312.
366666, 36101601, 36601, 143, 166, 231.
.......... 066666 01, 200.

3616010. 800 36616601.

36111666, 30108606, 36661, 666166 01, 208.

3611066188. 800 36161116 311680.
36610612οΞοἓ Ῑὲὲίοῃ, 3661110106 Halym, 36601,

.......... 066166 01, 196.
.......... 81601110, 366161066361686106636606,
140, 141, 163, 164. 167, 229, 232.

.................... 4680611600 16, 229.
......... gfff, 36166166 66 2616161, 666106

3660111. 800 Bentley.

36661060, 800 3618601610.

36666660 [16 North Poorton], 36616066.
30106660, 36106616,Ι)ο1601,80,78,103,

3616616166. 800 3661011166.

3660 [1606661666666136666 31616, 318.

36606. 8001166016, (1111016.

......... 6611661016. 800 3611066, 610661.

3618610 [16 3016686116ῧό 36668610, 36186·
8610, 36616, 322, .

........., 0101, 327, 349.

3618601010, 36601010, 116616, 308.

.......... North, 806.

3668118610. 8003618010.

36186111, 3668116116,
376, 385, 391, 410, 41

6611, 30161016

.......... 066166 01, 400.
321111111311131136311
36186166 800 366686166.

36186611, (1106066101, 299.

3666661 11101666, 3666661 306166. 800
un.

3611166, Donet. 800 366166, 11661.
.......... 36610, 319. .
36116031ἰὲ6 3061110116131666616. Eunu,

361116. 800 3611101.
361160. 800 3011ογ.

361106106, 3616616166, 3616616106, 361601106-
166, Fidele 3666616106, 366661100106,
Donet, 16, 35, 54, 69, 113.

1 3661010. 800 311161.

3661166 [16 366861111 3661101166. 36110106,
36101016, 376, 391, 410, 418.

36668616ὸ [inthgffrith 1106611686] , 3166016111,
Ι 160 , .

36166616 [0611166061 36601, 135, 156, 2181
.......... 066666 01, 186.

1 36660. 800 306160, 81111661.
36161066, 3616106, 36606, 133, 158. 217.
.......... (11061, 666166 01, 208.
.......... 1111110. 666166 01, 209.
36161061, 311861010, 3616101, 361601, 45.
.......... 066166 61, 89.

36661010. 800 36061001.
3616161ἐ5[11114851ᾇι8101166661 30111016. 426, 444,

36116166. 800 3166861011

361106 [16 066161661011 1161601, 116.

......... 131ἲέ1006101). 800 3661166 06 160
6 1.

3[11ἆ1 066616661061 3066166, 36616,

[16 3618ρί68661 36616, 340.
[16 3616166661 3666166, 30101016,
377, 392, 413, 416.
.......... 3111661061. 361611660 866611 1766611-
ῗ6111, 31660166, 3116010116, 31660106,
6111106, 1101601, ll. 34, 54, 77.
.................... 666166 01, 90.
......... 60 36160610. 800 3611661668.
.......... Fut, 3611106, norm, 10.
.......... 1068, 3611106. 3061106, Donet. 4, 40.
.................... 361166 60 36160616, Donet,
066106 01, 84.

36611011 [16 3666106061 36606011, 36616,
3083116358.

3611101166. 800 3611166
3661166. 8001166166, 6668. ι

3666013166080316611010, 30611616, 425, 452.
And 000 3011660106.

Butbrygg. SeeBudbridge.

⁹ 3616116γο. 800 3611011ογ.

3610660660. 800 3611606.
3611666 [16 36111ογ1 3610666660, 36610, 317.

3611611ογ [16 36116 11611161 31110110163616-
1616, 381, 398. 413, 421.

36110Ἓο [16 301101 3616611866, 301001,

366061661ηο. 8003610666.

3611660. 800 311106.

36116661] alias Gyng (8168) 1616011, 61160
(1168 1666661, Eam, 134, 160, 216.

Bybury. 800 Bibury.

Bydeluko. 800 3111616110.

3106106611. 800 30616011

381016, 30161016, 376, 386, 391, 417.

1 .......... 066166 61, 400.

 

