INDEX 01⁴* PERSONS.

3111111111, 1111111 (11, 333.

Sandys, sandes, 1111111, 1141111111, 364.

,,,,.,...,11’11111,111.,11 11111111, 314, 347.
333, 361, 364, 370, 373.

sanford. 311 sanford.

31111,111111,433.

31111111, John, 473.

31111, John, 414.

3111, John (11, 334, 394.

.......... Ρ111111111111,373, 394, 414.

...,....., 11111111, 263.

.......... William 1111111, 1111111, 443.

31111111. 31111111111.

3111111111, do. 311311111111.

3111111111, John 11, 430, 436.

3111111113, 3111111113, 3111111111, 311111-
1116,1ο111(11,332,383,387,393.

.......... 1111111 (11, 393, 414.

311111, 311111, Alexander, 334.

.......... Η111111,427.

31111. 311311111.

31116111, Η1111,237.

3111111111. 3113111111

31111111. See 3111111111

’ 3111111111, 11111111, 473.

311111. 3113111111.

31111111311111, 3113111111.

311111, 1111111,11Η111111ρ11111162, 117.
.......... william, 234, 343.

311111, 311111 ,,311111 31111, 111111111Ροὶ11
(11.1 13,711113 ,,212

.......... 1111111, 161. 2
31111111, 311111,31111111,11111111, 174.
.......... 3111111131, 439.

3111111114141731111711,4311111,1ο. 1111111333

31111111,11111,443.

311, 311. (1113111111. 433, 333.
.......... Τ111111,313,331,347.
.......... william 1111429.

31111. 31131111.

311111, 31111111, 311111. 3111111, 31111111,

3111111111, 1113111 de 134 143 139 170,
213 41.43 39 433.

.......... 1111111111111111113.

.................... 11111 ο1, 213, 444, 443.

31111111, 311111111311111119711111, 1111111
1111111111 21 22 32 32

.................... 111111171111111111, 21

.................... the younger, 21, 22.

3111, william (11273.

31111111111. 3110111111111.

schalam. 3113111111.

3111111. 3113111111.

3111111111, John, 1117111111111, 117.

3111111111311311111113111

3111111111, John, 232.

3111111111. 3113111111.

3111111111. 311311111111

3113111111. 311 0111111111.
31111111111. 311311131111.
31111111, 3111111111. 311 31111111.
3111111111. 311 3111111111.
3111111. 311 311111.
3111113111. See 3111111111.
31111111. 3113111111.

3113111, 31111111, 147, 177.

3111, 311111, 1111, 439.
...,.....,11111, 144, 469, 477.
,l 1721 01 3111111311 1311111111, 32,

...,....., 1111111, 477.
.......... Simon, 430.
.......... Thomu, 144.

3111111111311111111111, 1111111111, 139.
.......... 11111161, 131, 169. 224.

31ο111. 3113111.

311111, William, 221.

Serape, 1111111, John, 1111 11, 222.

......... ἶ4141111 11, 11111 11 william 11111111,

.......... 11111111,443.

311111, Miles, 419.

311111,31111111,311111,111111 111, 303, 320,
332 333 333 344 4336

3111111, Margaret, 243, 301.

311, John 11111, 26.

3111, 3111111311 11433.

3111111111, 31111111. 311311111131111.
3111111, 11111111, 433, 472, 476.
.................... 1111.,133,179.

.......... 1111111111 do, 137.
31111111),ὴὲ11111113111111111. 311 311111

3111111118, 31111111, 3111311111, John, 33,

.......... 11111111, 23.
311111111111. 3113111111111.
31111 31111111 31111111 311 3111113111·

tino.

311111313431115113111 111111111111111313,

3111111111111113111111111111111360.
311111111346.

3111111111. 31131130111.

1111111111 11, 11.

3111111313ιέ 311111111111, 3111111361, 144, 167,

Solyma, 3011111, 322, 323.
311111, John, 372.

.......... 1111111111, 372.

3111111, Thomas, 476.

3111111, william, 12.

3111111111, John 111, 337.
3111111, John, 473.

3111111111. 3113111111 01111.
septem 71111111,171111111 (11, 136.

 

