510

01110100δο11 (0111110011) [00. 80001011 abbat
01, 30, 37, 38, 42, 50, 71. 79.

0110011111, 0111001111, 0111001110. 01101111-
0.

01001110. 811 01101110.

011010, 0101010, 1101011, 420.

01000, Walter, 289.

0100011111. 811011001100.

0100101101, 1100111111 01. 811 1000101. 1111-
101 1.

8⁰ (1310), 209.

.......... 1111 01, 1010101001, 0. 7. 121922,
23, 24, 25, 20. 27, 28, 35. 30, 39, 43.
44, 140. 141, 142, 143, 147. 239, 241,
212, 243, 244. 249. 271. 311, 317, 319.
425. 434. 452472. 473. 8111110
0000101, Hugh 0οι Clare. 0111101100;
and 11οο1001001, 1101111100.

.......... Ηο01111101, 01110 01, 101, 219, fflss,
232, 214, 359.
......... ΠΙ) 11110 01. 811 0101100001, Thomu

.......... 1110111101. 8110110101.

0100101101, St. Petaer'u, 151101 01, 219, 253, 281.
205. 208, 207, 208, 209, 270, 271, 272.
275, 282, 290, 297. 301, 312, 325, 317,
378, 383, 389, 330, 394, 408, 414.

........., 81. 01110101, 0111101 01, 205, 274.

Glanum, 010001111001011001110, John 01,

.......... 1110011, 450.
......... ,ἳξὸ01101 00, 253, 259, 203, 204, 209,

0100011101. and 1111111010, 0000101101. 811
elan, 11111101 de.

01100, 0110, 0010, 51. 07.
.......... John, 07.
00110011ὼο05100, 00111000, 00111011, 11111010,

.......... 00011101, 148.

.......... 1111111, 433, 404.

.......... 1010451.

.......... 1910110450.

0000, 0010, 0011, John 10. 320.

.......... 2111011025.

.......... 1911111010321.

00001101, John, 434.

000010, Elias 00, 310.

0001110100, 11011111, 301.

0000110100. 811 00011110.

0000110110. 811000111111.

00011100, John, 224.

00001110, 1110111110, 288.

0000111110. 8110001101.

0000001100. 0001001100, 0001011100, John
00, 54, 09, 154, 219.

.................... 0101000111, 104.

.................... 01 0000101100, 117.

.......... 11011011 00, 39, 58, 130, 154, 219.

.......... william, 02, 74, 219, 249, 282.

00011011, John, 102.

.......... 1110111110, 144.

INDEX OF PERSONS.

00018010, 0000110100, 00. 1111111,ρ11010181,
1011111 10, 300.

00011111, 0000111011, 00. flante (1.W.)‚ prior
011110 hospital 01, 318.
J 00001011, eo. 0100, 1511011 01, 331, 340.
00011100000011100, 14111047, 04.
.......... John or John 00, 31, 50, 122.
.................... 019101οο0001, 5.
.......... Stephon, 28, 47.
1 0001100, william 00, 338.
1 Goion, 10101128.
00101110. 8110010110.
00100, 19111101, 288.
· 00101ὢ11100010101011000. 111, 100,

Ι .......... 101010, 100.
1 .......... 1111010100.

1 0011111100000111100,0010000011.
.......... 9010100, 434.

.......... 11010110, 111.

......... ,11011000 411.
0010011οω, 141111.

fl 00110010, John, 111.

21011110, 102.

0010101100. 811 0010101100.
0010101100. 811 0010101100.
0010110011111111.

00101118. gosslggm 00111110, John, 235, 291,

.................... 0111110100, 104.

......,.., Thomas, 254, 291.

000000, 1100000, 409. 417.

00001100, 9911100470.

0001,]111111101. 103, 108, 113.

.......... 1101100012011110, 103, 100, 113.
001000, 00100011, Adam, 333, we.

Gorgos, 00110, John, 01991110, 103.

......... 361} lph 01 1111011 00, 0, 31, 53, 77, 321,

.......... 0110051110, 353, 355, 307.
...., 0119111110, 121.
.......... 011οο1100, 10, 34, 54, 77.
0010 [00. 191111]Ι John, 0111111110 01 1110
0111111111 01, 121.
0011110101000, 420.
0011101. 811001011.
Ι 001111,11011011,117.
ff 00110110. 8110100110.
1 0000111111. 8119001.
; 00011, 00011, 00011, 00111, 0011, 000111,
00110, 001111, Briau or 111110 00, 7,
27, 43, 47. .
ζ ......,...1101111,113.
.......... 2100110100, 12, 19, 38, 57.
00011, 09, 113.

1 ......... i 1.ῐὲ11111150 9910101000 1111111011, 100,

¹ .................... or John 00, 20, 27, 28, 42,

.......... 2011001111 00, 30, 35. 50.

40, 48, 02, 04, 00, 73.
1 .......... 81011110 00, 18, 19, 38, 57.

 

