554

1111111112,261111111111, 11111611, Eum, 177,

.......... 11111111, 196.

1111111111, 111111, 606, 629, 646, 664.

.......... 111111111642.

.......... [11 6111111111] , 11111, 1111111, 124.

......... 6111111111

1111111111. seeAshingdon.

1111161111, 1111116111, 111111161111.
1111111111, 111111, 156, 216, 442.

.......... 111111111186.

.......... 6111111111 11, 216.

......... ,111111 11, 166.

1111111111111. 611011111111.

11111, 1111111, 111111, 111111 11 , 200.

1111111111. 6111111111.

1111] [in Byde]‚ 1111111111, 111111, 612.

11111116 [in 1111111111 1111111111,Η1111,610.

1111131111111111111, 11111611. 111111611,
11111111111111, 167, 161, 212, 440.

.......... 1111111 11, 186.

.......... 11111111, 166.

111111, 1111111, 11111, 111111, 610, 625. 651.

......... [in Μ11111]. 1111111, 1111111111,
1111111111111, Η1111, 616, 626, 650.

......... [in 111111 0111111 Falce, 1111111, 7.

ammath, mmmmm, 1111111,

11111111,1111111111, 111111111, 1111111111,
1111111111, 1111111111, 1111111, 26, 69,
46, 62, 117.

.......... 1111111 11, 92.

1111113111, &fortem 1111111111, 679, 689, 695,

.......... 1111111 11 , 406.
11111 [11111111611111111111], 1111111531,
11111111 [1161111111 444.

. 111111 [in 6111111111. 1111111], 1111111-
11111Η1111(1111,0111,Ε1111,1111111,
1111111, 19, 68, 57, 76, 114,

[in Binhop's Waltbnm], 1111111111,
nanta, 607.

[11111 111111, A 1111111111,
ffltomflmtord. ‚383,398‚414,

.......... cola, 11111111, 11111111. 1111111,
111111161111111111, 249, 289, 602.

11111111, 11111111, 11111111, 1111111111, 111-
well, 1111111111, 462, 441, 447.

.......... 1111111111,458,464.

1111111111, 1111111110, 0111111111, 1111111-
well, 1111111, 6, 66, 56, 76, 105.

.......... 111111 11, 90.

111111. 611 1111111111.

1111. see Apsbury.

1111111111, 11111111, 1111111111, 461, 446.

.......... 1111111 01 , 457, 460. ’

11111111. 611 1111111111

1111111111. 611 1111111611.

11111111111,11111111111. 611 0111111111.

1111111111. 611 11111111.

1111ρί11111. 611 1111161111.

1111. 6111111116 1111.

INDEX OF PLAGES.

! 11111. 61111111.
¹ 11111611. 6111111111.

1111111111. 611 11161111.
1 1111111111. 6111411111.
3 1111111111. 6111111111.
1 1111111111. 6111111111.
· 1111111311. 6111116631.

111111111. 61111111.
ι 11111111 6111111111
, .........,1111111, 60, 76.

111111161111, 1111111111. 611 1111111111.
1111111111 See 1111111111

1111111111. 6111111111.

11111111111111. 6111111111111111.
1111111. 6111111111, 11111, 1161111111.
11111. 61111111).

11111111. 6111111111.

1111161111. 6111111161111.

Ammon 611 1111131111.

11111111 61111111111

1111111. 611111111131111.

11111, 1111111 11, 1111111111, 457, 466, 464.
......... (Glaucam). 611 1111161111
......... (fianta). 611 anton.

......... (Η11111111). 611 11111 11311111.
111111, 1111101111111111, coldum,
(1111111111, 268, 246, 271, 276.
Qum, 1111111, 11111, 1111111111,

............. ⁰ .....,1111111 11, 406.
6111111111, 111111 (11111118111111111,
6111111111, 266, 254, 267, 292.

1111111. 611 111111.

1111111111, Fidele 1111111111, 11111-
111111111, 111111111111. 6111111111-
111, 116111, 11111111, Donet, 15, 16, 65,
66. 54. 58, 69, 75, 116.

1111111111. 6111113111.

111111111111. 611111111111111.

1111111111. 61111111111111.

1111116116 [in elmerum, 1111111111, 111111,
622, 6119640654, 655, 666668.

11111111 6111111111.

1 111111111111111111111111].1111,

⁸ 111111. 111111,111111,19,18,14,

11111111 sa 1111.

Auekeohumh. 6116111111111.

11111111, 61111111.

1111111111111. 611 11111111 1111111111.

1111. 61111111.

Aust, 21113121215⁹ 11111, (1111111111, 264, 258,

1111111111. 611 0111111.

111111 6111111111. See 111111 6111111611.

111111111111111, 1111111111, 61111, 156, 168,
226, 224, 469, 442.

.......... 1111111 11, 194.
111111Η4112190111η, 1111111111, 678, 684, 694,

.......... 111111 11, 401.

 

