INDEX 01⁴* PLAOES.

1111111131111110, Bignvo, Brgmwe, ney-
gmw, Ηο111010, 433, 447.

.......... 0111101101, 458.

.......... 1101111101454.

31111101. 311 3101111011

3111101. 3113111101οΜΒί311101

Byknoro. SeeBioknor.

Bynoombo. 311 Β110011110.

Bynghamnmorth. See Bingham's worth.

Bynghamyshotto. 311 31131101117701111.

Bynlo. See Binloy.

Bynnobrygg. See Bembridge.

Bynteworth. 310 3011001111.

Byuohopusfromo. 311 Promo, 1111110111

Byneley. SeeBisloy.

Byahoyo. 311 Buahoy.

Bythopostom See Β111101101011

Byterno. 31131111110.

31111011, 31100111, 1111111, 437.

O

0011111101 [11 170111111110101111101011, 110.

0000113101. 010111001, 111111010, 425.

00011010. 3110001110.

0110113001. 3110000111101,

0001010 [11 11101111 00011010, 1111001010,
111111, 322, 346, 354.

0010110. 3110111110.

0011111110. 3110010501011111.

0111101111, (1011011101ωο, 0001001111 Chal-
1101111, Ham, 322, 339, 354, 336.

0010001100. 311001000101111.

0111001011, (110111.) 311 0111010011.

........., Η1111, 471, 473.

.................... 0111111101, 480.

......... [11 3110101111 111111, 473.

010000041ιο1ἑ (4121111οο000, 0110000111, 1111111010,

.......... 0111111101458.

.......... 1101101101, 454.

0011011111. 311 0011150111.

001111. 3110111011.

01111101. 3110011101.

0111011, 011111, Η1101010, 388.

......... weston [in 31010110301011110010111
3101111111, Donet, 125.

011111011ος11. 3110011101.
01101110111111111111011. 311 0011011 17011101.
Cum, 01110, 01111111, 0100011101, 241, 233.
cmm. 31100111.

emme. 311 0111

(10111111. 31100111,

0111111001, Chipping, 0011111011, 0011111001,

Caum 11, 0100001111, 236, 244, 254
267,1,360,301.

563

00110 [113073131ὲ1ὔ1ιοἕέ1 ,,0111οῃ 011111111111110,

0110111101113116111011301111.

......... 000001. 311 (1001010 31001101.

01111110. 3110111010.

01111010. 3110111011111111.

0111110011, 01101001, 01100001, 0111οι100,
111101, 133, 136, 137, 153, 161, 162,
212, 217, 441, 442.

.......... 0110101101, 135. .

00111110, 00101110, 01001, 111101, 152, 174.

.................... 0110111101, 206.

1111110, 152, 174. 221.

.................... 0110111101, 139.

0011010,1110111101111010,1101101,23,47,33,126.

.......... 01111111 01, 95.

00110, 3110011.

011101ξῶ01, Pyonia 011011101111,110101010.

¹ .......... 01111011 01, 399.

0011111101 [11 1111110001 110111, 317.

01100001. See 0011011001.

01111010. 311 00111010.

001110. 3111100001111.

0111011101, 3110111101ι101.

0110510010,31101310110110111101,1111111,
322. 339, 355, 367, 339.

0011011111 [11 1101111111 60110111, 1111111111,
6101101111, 0101001101, 256, 235.

01110100101. 31101111011101.

0111010010. 311 0111111110.

0111111 110111111111111111101101, 113.

00000001103110111111011.

001110 [11 170110101011111011111110111111-
1010, 444, 452.

0011 11110111. 3111110111, 011111.

010111 Ηο011111111, 1111111111 nd 01011111,
11011111,1101,141,101,118.111.

.......... 0111101101, 260.

001111100011011. 311000011111.
11101101. 311 1110111101 000110.

0010101101. 311 0101011101.

0111011111011,318011οη1181011, 10110ῌῦ81011,

3110110111 11, 335332.
0111111001,0010101101,011010001,0111010-
01010, 0010111101 1100101101, 0110101101,
Donet, 33, 45, 53, 74, 102.
.......... 011010110191.
0011110107[11110111ι111],0011011110,1101111,

0031111101. 3110011111101.

011100101111. 3113101111111.

0111111101. 311011101001.

6111100111. 311 (1011101111.

0111111001, 0111101101, 1101001, 0111101101, 83.
0011101111011111101111, 11111111, 467, 470, 472,

01110011103110111101110.

’ 010111001131101111011011111111.

 

