INDEX 01⁴¹ PERSONS.

Onobara, (1010, 430.
010110, 0011101010, 172, 283.
01000γῶ. 0110111, 011101 01, 233, 243, 271,

.......... 000001 01, 400.

0110101110, 00101010110 30011111111011.

01111101, 01111001, 1101011 10. 147.

om, 1101111333.

.......... 1111143.

01οη, Alexander, 432.

011010. See 011010.

00001), 2101011, 230.

.......... 1101011212.

01111γο. See Osokyn.

01100010. See 11100010.

01011011. See 1150, Upper.

0101100, Thomas, 01 3111100, 333.

.......... 171111010, 354, 357.

0101010, John (11, 132.

.......... 7701111 (10, 157.

01070, 7110111, 1101101100, 55,

.......... 1101111011, 35, 55.

01101111, 1010 (11, 105.

.......... 11010101, 142, 135.

0110110000101101. See 7001, 141100 (10.

.......... 0011 01, 0011111101, 129, 130, 138,
140, 141, 142, 143, 147, 149, 318, 431,

......... 310 0110 7001, John 0011 11011011 (10.
01101, 111010101, 307.

Ρ

20010100, 2010101, 1101011 (10, 142, 186,
2001. See 2001.

2030110111422.

.......... John, 145, 238.

.......... william, 290,

20001010, John (10, 303, 353.
,,,,,,,,,, 1011110000 (10, 333.

.......... 17111111οι, 333.

201, 21011010, 00. 11011301, 366,
.......... Thomas, 371.

2010111. See 20010101.

2010011010, J 010 (10, 473.

Pam, 1711110111, 018011111οη, 128,
20101110, 20010001, 0001111110, 164,
.......... John or John 10, 133, 454, 474,
.......... 2101101310, 138, 172, 220.
.................... 110 older, 422.
.......... Roget, 172.

.......... william 10, 12.
2011011,01101(10, 327.

.......... John (10, 271. y
.................... 01 3101111013, 124.
20101010. See 2011111010

13345

529

2000111, 11010110, 11110 011701101, 150.
20011110, 11101010 (10 10, 154.

2100111010, 20101010, 00. 111101, prior 01, 194,
2000000010, 7701101 (10, 473.
.......... william (10, 433, 430.
20100. See 2011.

201011, John, 349.

20100110, 11111011, 28, 48.

20111001, 77. (10, 342.

2011, 20100, 2000110110, 133.
.......... nogat (10, 142, 135, 231.
.......... 17011010110, 171.

.......... william 0110, 135.

201101, 11111010, 453.

John, 343, 453.

.......... 1110110111, 339.

.......... 71100101, 413, 421.
.................... 10000110 01, 421.
.......... william, 444.

20110), 2011031, 2011010, John, 297.
11011011, 75, 73.

2010100101, John 10, 232.

2010103, 2010000, John, 433.

........., 1101011, 451.

2011001, John, 139.

2011010011, 2011111, 2111110, John, 452.
........., Philip, 137, 132, 212.
20110000201001100, Hugh (10, 133.
.......... 11011111 (10, 33.

20171, John, 235.

.......... N 1010101 (10, 434.

.......... 1105011, 403.

.......... 20101 (10, 139, 173.

.......... Stephon (10, 138.

.......... Walter (10, 232.

2011010110, 201100, John, 313, 322, 339.
.......... william, 339, 340, 354, 355.
2011001, Thomas, 285.

........., 1701101, 237.

200100, J 010, 447.

20111001, Philip (10, 431.

2010110110, 7701101 (10, 132, 157.

, 20111010, 1000, 350.

200101, John, 01 1100ογ, 00 30011101, 333.

.................... 0001101100, wife 01, ibid.

Pauli, Pauly, 11011101 John, 139, 170.

20010101. 3012011011.

2011100γο, humeya, 10111 01 , 242

2001011000, 2000111000, 0001110] (10, 151,

2011000101, 2011000101, 2011000101, 2011011010,
1411000384.

.......... 0100100110,290.

.......... Georgo, 232.

.......... 3110110111, 240, 255, 290, 378, 394.

........., Hugh, 334, 414,

210

 

