530

10111010. 6001011010.
10111001, 01110, 130, 155.
1010111010. See 1001010.
11101101, 31100, 147.

11888ᾉ31ὁ1801, Ιι18011,10110,134, 159, 316,

.......... william, 159.

11001100. 8001001100.

1111010110771111001 80, 8.

1111101110ὶο, walterdo. 345, 378.

.......... 1711110111, 378.

111110110011111101100, 3801110880, 41.

.......... 1101110000, 4. 5.

3106011,171111001 80, 8.

110111011981111111111101, 00. 30101018, priorem
0, , .

1110011011100110, 3801008, 346.

.......... 1000110 80, 36.

11100010, 6101011 01, 335, 468, 471, 473. 473.

.......... 0101110101, 463. 473.

11100010, 0011111000 01 Su 1001, 14110080.

.......... 001101, 10080101801. 14. 30, 31, 33
315. 435 453. 6000601001, 11001180.

11100010, 30101008 80, 163.

1108011080, 0001101018010. 15.

.......... John 0110108010, 013000110011, 73,
113. 114110 136.

.......... 3101018 8010, 379, 389, 896, 411.
.......... Walter 80, 6.

.......... william. 411.

11080001, 1111180001, 01111011 80, 473.
.......... Thomu, 475.

11101011.8 71110101110, 11101010, John 80, 386,

..,,.....,Ρ1111111, 413431.

.......... 301111 80, 393.

11100000. See 11100110.

11100000. See 110000.

Isin. 60011110. ¹

111010, ,(110711101110, ,0011111000 01, 10080 101801, 15.

11010, 80 1001110. 80 10001070010,111,010 Lyle.
31110010, 8017110 710, 30180111, 333.

30,111101010011, 337
.......... 3110011011, 55, 78, 104.

···················· Viso 01 1101110100οπ, 3379,
317, 3534.

.................... 01 1101111000, 000110,
.......... 110011, 366.

.......... 10010110 80, 353.

.......... 1000. 351, 385.

.......... 1010 0110111180.35,147.176,335,
351353, 385, 290,116.311,1,33.
338. 339, 345. 343. 353, 353.. 354, 437,

.................... 01 0001600100, 366, 367
.................... 01 77081100, 365.
.................... 01 011010, 118.

.................... 01 0101101100. 74.

INDEX OF PERSONS.

111010, 10.-0001.

.......... 1100000101 80. 74.

.......... 1110110101, 01 011011. 365.

3011011, 300, 301. 435.

., Thomas. 354, 355, 365, 369.

......,,., 1701101, 353, 356. 386. 386, 387.
...,00ὲὲίὲὲὲιο 358. 371, 393, 309,Ι 339.

hinton, 11101011. John 80, 143. 165, 330.
1111101011. See 1111101011.
1111010141411419110100, 1111101100, 30011 80, 39.

.......... N 1010100 80, 36.

1111106011, 1111106011. 1111106111, 101111 80, 473.

.......... 30601180. 34.

.......... 3010180, 468.

1111100 (ἓ1ἱ1101ὀ711081111100001101001, 100101
ο, , .

...,,110801011 william 80, 7.
310111100001011000101. 6010011001.
1110011001,11001001Ρ11010. [00.110011101111],

11110101, 383. 385. 386, 388, 408.
10801000, 3811018 301.
.......... 7711110111 80, 380, 396.
11080011, william 80, 435, 437, 449.
1108100, (111180, 1.
11011. william. 447, 453.
.................... 01 4011011011, 445, 454.
101108, 110011011101108, John. 380.
........., 1701101, 333, 347. 371. 380.
1101. See 110110.
110101, 301111, 133.
11011010180111, 01 winchester, 8101, 374.
.......... 3011011, 334.
1011011001, 1011011001, 31011018 80, 56, 73.
1001000, 3101018 80, 19, 30.
11010010, John 80, 308, 356.

london, 11101101) 01. 130, 131. 133135. 143.
151, 155, 157, 158, 165,189,313, 314,
317, 319, 330, 431, 433, 434, 443, 444,

.................... 0101101001, 466, 460,

.......... 0101100003111101000 01 44.

.......... 11011 ’1110111 11101· 01 104, 136, 304,
306.431,433,446,453,463,465.

.......... St. 3011101001οπ0, prior 01, 139, 154,
301318, 434, 450.

.....,..Ῑ.,ἒρ1.311404117101100’0,000101011101101111101

0, , .

.......... 011000101110101, 187, 189, 138.
.......... 0114111115ῗο 610000 (ad Turrim), prior

.......... 01110100100110101308.

.................... 0000110 01 146, 170, 315.

.................... 80000080101110101, 130,
155, 161, 185. 189, 197, 300, 303.

.................... 11000110101435.

1100800, 11008100, 1011118100, 00011101 80, 148.

.......... 1010 80, 139, 148, 177, 336.

.......... 1101101100 80, 173.

.......... 3118011008 80, 15, 41, 58. 75.

 

