INDEX OF PLAGES.

611

111111ιέιῶ 11111, waltham, 0111101111 of, 1111001111 [in 0111111 10110ςο, ww·

.......... Βί050110, 110010, 307, 335, 357.

...,....., (11001, 110101, 134, 216.

.................... 050105 01, 106.

...,....., 1111110, 134, 159.

.................... 050105 01, 306.

...,.....,110115, 1111010366.

11111111ωο101, 110]150111010110,11010001001000,
1104000110πο, 111001, 151, 175, 225.

.......... 05010501, 193.

1101100 (1110110). 8001101100, 110011.

......... 2505111ξὲ11, 11111100 nemer, (1100001101,

......... lg} 11011000, 11010100, Em, 130,

................... 0501011 01, 190.

.......... 11006, 1101100, 110010, 471, 473, 476,

.................... 050105 01, 481.

1100151001, 110105101, 1101051001, 1101001, 7,
36, 41. 59, 75, 79, 108.

1100110011, Ε1001, 151, 176, 225.

[ἰο 8001511011 1100110110, 1101111 01,

110011, 342.

11015501ωο, 140151101100, 1111011, 319.

1101501ὲῖιᾶ [in Boldro]‚ Worebum, Ηο010,

11015011, 1101115011, 050105 01, Ηο010, 418.
ward, 111011, 336, 356.

1101115011. 80011015010.

11010001010. 800 110000101111111.

11010, 0110105 01, Ηο111010, 459.
1111105101,11115010,1101001, 110, 112.

......... &ogga 01111105 01 111111 81111011 in.

................... 110111110111 in, 95, 98, 100.
................... st. 1101110 10, 95, 98.
................... 81. 11105001 in, 98.
................... St. 10101 in, 98.
1111100101, 11010110, 110011, 469, 473.
.......... 05010501, 482.
warham. 8001111101ωο.
110110550110. 800 1101101, (11001.
110110 11550100, 110110 1155011010. 800
101, emt
1101100 80100100. 8001101101, 1111110.

1010, Ηο011, 471, 473, 476.

.......... 05010501, 480.

1101011101 11011 [in (1111500100, 0101, what»
lffivgefill, &gamm 110011, 323,

1101000050. 80011501000150.

11111οω00150 [in 1101010011],Ι101001. 112.

1101011100 [in Ρο1161010110],Ρο(1010 1101101101-
100, Ρ111010 1101101000, 1101101000,
1101101, 15. 16, 35, 54, 61, 69, 113.

11010111101 1010060111, 10101, 230.

1111110111, 050105 01, 1101110111, 458, 484.

110110. 80011001.

110150011οἀ. 80011500150101010001.

1101100, Ηο1110101,419,436, 443, 448.

.......... 050105 01, 456.

......... in 8100000151115. 8001011100.

110110100οΙ1. 800 1101051ος 11011.

1101001100 [Βο011], 436.

11018010000 [10 1111010
11010010, 1101, 11110,

0.

.......... 0110105 01, 85.

11010 1101111111. 800 Β10111001.

11015101015010. 800111100101010.

1101010015. 8001101000111.

,11010111010110 0-
1101001, 13,19, ,

ἡ 1100111,1101(1,Ε1101,139, 151,169, 172, 223,

1
1
Ι

.......... 1100101001, 194.

1101150101. 80011005101.

Webtm}I Ur} {wglgflflfiggvfflm' 11050100,
01001, , , .

11001010. 800 1111111101.

11001 [10 1111010111 1111, 1111011321.

......... 3⁶9? 323 1101100001, 110150, 111010,

11001036111910, 0000001011110, 110011, 309,

111001. 01111010.

1100101, 11110150, 1111010, 10101, 136, 155.
05010501, 191.

WM' 1101000010110. 80011011501011011.

Weld. See 110010.
1101110. 8001110111.

0111110011,101011111001101111111, , .......... Μ, ς,,1,,,,1,,,,00,,111,’

4550111011, 111101, 151, 169, 224.

.................... 050105 01, 194.

.......... 1111110, 1101100 Semelen (80110111
1101010111),Ε1101, 151, 169, 224, 438.

.................... 05010501. 194.

1101100011, 1101000011, 1100010110,Ι101001,
9, 36, 49, 73, 111.

.......... 05010501, 87.

110105010015, 800111, 801500100501110, 811111-
warneburgh, Ηο010, 313, 330, 345, 364.

110111ῐὲ(τῇ 1ἕ31ἒ1001010, Up 1101001010, Η11010,

1 1101100 ’ [10140501 11015001, 11015010,
Ηο010, 332.

1101000050. 800 1100100050 1101101010.
110Ιο151111. Seawoolbridge.

11010110. 800 11011110 and 1101100.
11011010, 1101001010, (1100001101, 268.
11050100. 800 1100101100.

well [31ἐ131ἓο51ὸ13ἓ1ἑ11001 110 110110, Eunu,

110115011 [in Offley]‚ 1101110111, 437.
110110. 80011001.

1105000050. 80011001001050.
1101101. 1100110010.

Wellesbrigg. 80011001511010.
1101101111.Ι 8001101010

 

