536

81. 415000, 00. 1100110οᾶ, 05501 01, 203. 425·
427, 444, 447, 451, 452, 462, 463, 464.

.......... 01000000 (elemosinarius) 01 , 427, 464.

.......... chamberlain (0000000100) 01, 464, 465.

.......... 000100 01 . 464, 465.

.......... 00οο10100 01 , 464, 465.

......... &yffi (coquinarius) 01, 426, 451, 452,

.......... 000600600000100) 01, 464, 465.

8180000 [10 00010500010],800010 erneis, 00.
110010 (I.W.)‚ prior 01, 322.

81. 8600006. See Bury 81. 86000060.

St. 1101000, eo. Ηο010 (I.W.)‚ prior 01, 321.

81. 1000, 00. 11001οζ00100 01, 483.

81. John, 1006. 800 20000000, Thomu.

81. John 011000001010, prior 01, 3. 18, 26, 156,
168, 169, 215. 224, 271, 272, 286, 323,
328, 329, 345, 350, 356, 334, 388.

.......... 100011011οη 01 , 37.

81 110010,οο,110010.0010001,198.4113473432.

81. 00015, eo. Εο000, 0550101, 130132, 154.
157, 158. 190, 202, 219. 228.

St. Pier, Wrianus 60, 472.

81.700601ἐ(1)0(800100111’00(100’000111)[110000060],
0 10. .

81. 17011οὄῢῖ [2οὣ 0010061 prior 01, 149. 178,

8011001110, 801οη10, 01001000 60, 311, 326.

........., John. knt., 01 Ηο0100-00-Τ1ιο0000, 370.

.......... 71100000, 326, 347.

8010, fleury 60 10, 425.

.......... 2100100010 or 6010, 468, 469, 477.

.......... william (10 10, 242.

80100000, John, 167.

801000. See 801000.

80105000, 8001005001, 8001050010, John 60, 6.

.......... Thomas 60, 101., 176.

.......... william 60, 34, 53, 76.

801105000, (11500110, 00000 01. 7.

.......... 510500 01, 4, 5, 7, 8, 15. 16, 17. 36,
40, 41, 49, 58, 75, 79, 311, 328, 349.

.......... 6000 006 chapter 01, 35,311.

.......... prebendam 01 , 41.

.......... Thomas 60 1110100, 00000 01 , 7.

.......... william 11000γο, 00000 01. 7.

8001105000, 00001000 01. 800100000ρέ0, 1110

60; 11001000, 1101100100 60; 006
11001110, 011100 60.

.......... 0001 01, 10060 5016 01. 242, 247, 248.

................... 80005οΜ00100010,Τ50000 (10,
and Nevfflo,niehnrd 60.

8011000050, 80100 Marino, 20100 60,. 474.
.......... Stephon 60, 253, 289.

.................... Alica, 0110 01, 276.

800010οἑἰὲ 8050001006, 80001006, 8001006, Adam

.......... 010000, 35.

.......... John, 292.

.......... 1110100100 60, 18, 19.
.......... 8105006 60, 146.
.......... 2100000060, 5, 320, 336.

INDEX OF PERSONS.

Sampson, 80000000, Alexander, 324.

........., John, 417, 448.

........., 11100006, 324.

800010 (4000060, 400000 60, 242, 244, 277.

.......... John de,270.

800010 (1060000. 0115001 60, 308.

.........,110105 60392.

800010 11001010, Philip 60, 326. 347.

800010 claro, 80100100, 8000101οο. 8010101010,
801010100, 8001010000, Felicia 60, 130.
144,155,167.

.......... Hem-y, 334.

.......... John 60, 29, 140, 162, 229, 335. 357.

...... 1105001 60, 131. 144, 159, 216.

800010 86000060, Aymer 60, 427.

.........,11105006 60433.

800010 8600060, 60. See 8100110050ος.

800010 7050000, 1160006 60, 331, 334, 358.

......, Eva 60, 331, 334, 345.

.......... John 60, 306, 307, 313, 315, 336, 433.

.................... Roget. 000 01 , 309.

800010 10060, John 60, 248. 232.

800010 1006000010, John 60, 428, 437.

800010Α111110001101οι,3 2110001οο, 80001 Many-40.

100 0. .

.......... Hem-y 60. 332.

.......... John 60. 312, 323, 332.

1105001 60, 323. 332, 344, 347.
800010310001100,11100000,0110 01 110000 60.

......... ὲ 41600000100 60, 40, 52, 54, 69, 70. 311,

.......... 000000,0,00,50,004,040,00,
,,,,,,,,, ,1000300010000 0, 00, ((0,

80060Μο00060. 8008000000.

800010 0000οο, william 60, 150.

Sancto Paulo, Mnry 60, 00001000 01 20050010,
158.167, 170, 172. 445. 446, 451.

800010 7511150010. 800010 Ρ50150010,80001
25115006.Ηοοὴ 60, 134, 159, 216, 246,
247. 256, 273. 280.

.......... John 60, 159, 270, 272, 332.

.......... 1010000001 60332.

800010 00101100, 80101 00101000, 0000100,
0000001060, 27.

......... ὁ211020900οι1 60, 22, 27, 29, 35, 39, 46, 55,

.........,Ῑο00, 55, 78.

.......... Roget 60, 37.

.......... 8100060,27,39, 46, 56.

800010 17010100, nomed 60, 233.

.......... 11105006 60, 326, 348.

saneti 7700601000111. See 81. 7011601110.
8006011006. 800 8006101006.

800600. 80800600.

60065011,105060,52, 70, 80.

800610180θο01, 8006011006, [00300101 prior 01.

800600, 8010000, John 60, 148, 177.
8011600, william, 182.

 

