600

sapvyk 811 8111111111.

8111. 81181111.

8111111111. 8118111111.
8111118111,8111111111811111111188111111118,

ἓοιωἘ, 381, 382, 383, 398, 413, 414,

.......... 11110101, 402.

81111382, 398.

81111458111111, 81111, 1111110111, 426, 444,
8111111118. 81181111181111

Sanoua& Amport], Anno Sango, Η1111,

’ 8111, 81111, 0111011111, 286.

8111811 8118111111.

811111. 8118111111.

8111113110111, 81111111110111, 811111111-
worth, Sobryohoworth‚ Hertford, 435,
410, 443, 451453.

.......... 111111 01, 458, 485, 466.

81111114ξὲυέιᾶοὸ smne, (11 8111111, Η1111,411,

.......... 011101 011111 811111, 431.

.......... 11110101 81. 11811111, 481.

81111011 8118111101.

811111118111. 81181118111

811118111111. 811 81111011.

8111111111. 81101111101

801111111111111. 811811111111111.

8111111111 811 8111111111

8011111111. 81101111011111.

8111110111. 8118111111111.

81111111 Βο1111. 811 81111011Β1111111.

8011111. 811811111.

81111111. 8118111111.

8111111101. 8118111111101

8111111111. See 81111111.

8111111111. 8118111113.

81111111. 811 81111011 81111111.

811111111111. 8118111111111.

8111181. 811 Sbide.

81111111111. 81181111111101

80111111 8118111111, 8111111 111111, aud
1111111111.

811110111181111110111. 811 8111101111.

8111111111011111. 811 811110111,

8111111181. 811 8111111111 upon Iaoddon.

Schirle. SeeShirloy.

811111111101. 8118111111101

8111111801, 81101811. 8118101801

8111111“, Ρ1111. 8118101111, 111111.
Schollyng. SeeSholing.
Sohopelonde. 811810111111.
Sohurohesdon. 8118111118111.
801111. 81181111.

81011118. 811810111111.

scotuna„ in Toppesfield, 11111, 230.
8101111018 [11 3111118111, 1111111367.
8111111111, 8111111111 [Senmet] 8

INDEX OF PLAOES.

1 8111111 Ι8118111011

1 8101 (11 pareo. 811 Ρ111811111.

1 8100111111, 11111117.

8111111111 [11 1111111111, 813311311οῶ,
Sugyngworth. 111111, 336, 356.

81111111, 81111111, Η1111, 315.

selinges. 8118111113, (11111.

8111111. 811811111.

81111111. 811811111111.

seule. 8118111111.

81111101. 8181111111

8111111, 8181111111.

811111. 8181111111.

8111111111, 8111111111. 8111111111,
0111111111, 238, 248, 271.

81111101 8118111111101

8111111131. 8118111011111.

8111111111. 811811111117.

8111111111. 8118111811111.
81111οὲ1δὲ 8ἑ1ξῗ111011, 8111111111, 8101111111,

8118111321), 8111111111), 8111110111, 40, 100,

.......... 1111111101;

1101111τί1111, 85.

81. 111111, 84, 81.

81. John, 85.

St. 1111111, 85.

81. Ρ1111, 81.

81. 11111118, 84, 85.
8111111111. 811 8111111111.
8111111011. 811811110111.
81111111, 111111, 314, 333, 345.
8111111311,ΙΟ 8131ἕ411ἓ1ὲ1ἶ11, 8111111111, 111111, 322,

81111018, saldeford, 8011Ῑὰ110111, 8111811018,
Eum, 141, 164, 230.
.......... 11110111, 202.
811111111111[118111181111111118111111111-
1 111111, 111111. 318.
81111111, 8111111111, 1111111338. 365.
8111111118111118111111111, Shapw5k‚ Dor·
111, 14, 183211, 08. 69, 120.
.......... 1111110192, 98, 39, 101.
ι 81111111, 1111117, 349.
81111 [11 (1111011111, 81111, 81111, 111111,
339, 355, 368.

8118111111. 811 (1111111111

81111118, 8111111111, 81111181,
0111111111111 139 172 173

.......... 11111101, 204.
81111, 811111, 1111111319.
8111111111. 81181111111111.
8111111, 8111111, Fam, 11111101, 201.
.......... 1111111 11, 183.
81111111 81111111, 81111111 3011111, 81111111
Β111111,Ειε11, 113, 1711222.

81111111 801111, 111111 11, 199.
81111111, 81111111, Η1111118, 385.

Ι 8111111111. 81181118118

, 8111111111 811 8111111111

 

