INDEX 01⁴* PLACES.

30001060. 3003100106.
Bentley [in 3011010011, 3000111, 30010, 311.
......... ¹2figent. 3011011ος11 Magna, 30001, 129,

.................... 0110101101. 191.

.......... 1011110, 3000110311301011010) Pam,
30001, 129, 164, 218.

.................... 01101011 01, 191.

3001110111, 3101010111, 30010, 314, 362.

3011111οο. 300 30101ος1011.

3010100600 [10 1400006001, 301106000, 30110-
6000. 439, 446. 463.

30601006. 300 30166016.

301600, 3101600, 30001,0110101101, 195, 197.

30160010. 300 30100101.

3010 [103111110001010161 301001, 118. 300
also Beer 3001011.

......... Regis. 3010, 30010, 3103006010,
Kyngesbym. 3101001010, norm, ll.
28, 44. 48, 64.

.................... 0110101101, 97.

.................... 0101006 0061100030 01, 99.

3010010101, Fam, 0101011 01. 300 under
0010100101.

3010001111 300 3011111110.

30101111. 300 30101010.

......... 0110ομ03016, 30001, 296.

30101011ᾀ21700130111110110, 0110101101, Fam,

301106οο. 300300100601.

30101οἆ, 30111010, 3011010301101011101000,
28130ἓοᾗο1, 237, 241, 260, 257, 266,

30111016. 800 3011016.

3011100001006, 01001, 0110101101 31. Peter in.
30111016, 462.

.................... 0011011014δό.

.......... North. 300 3011101001.

.......... 311110, 30111016, 434, 443.

.................... 010101101463.

.................... 001101101466.

30111010, 3030110101.

30111101. 300 30111101.

3011103. 3003011103.

301100. 3003111101.

301101. 300 301101.

30100100. 30031101031100.

301110160οω0, 30101016, 377, 392. 412

3010016001010, 3000160110. 300 30100101.-

30100 [10 Whitohumh 0000000001, Ia
301000, Donet, 102.

30100101003011100100. 300 30100100.

3010111100. 300 3011103100.

3011111006. 300 3011111006.

301100. 3003011011,

......... juxta 3110103100. 3003011011.

......... 3001. 300301100310001.

3011000ΒοΜο10110010000011100, 3003011011

gu.
3011010100. 300 3010101000.
3011110110. 300 30131011.

667

Bem⁰1g2fi¹171ssgh FastorL Berewyk, 30001.

3000001010, 30010, 326. 347.

30010011 [10 3001310101, 3000111011, 310010-
1011, 00100103, 112, 113.

· 3011010110, 30111016. 424. 463.

30111000010, 1101001, 01101011 01. 86, 91.
3011011000 300011 Pauli. 300 30101000 31

Paul.
.......... Simon. 300 3000011000, Walter.
.......... 0100, 300 3010110ορ, 01100.
3010101000, 3010101011, 3011010100. 0100010101.
241, 2511, 267, 260, 266. 283, 298.
30110111. 300 3000110111.
3011113100. 17001 [011001060111 301001, 7,
.......... 3011080100, 01101011 01, 90.
30100011. 3003111011.
30111010. 300 3111010.
3010100110. 300 3000101101.
3110011, 30100011, 30 bur ‚Bybury. 0100000-
101, 237, 247, 666, 672, 280.

3101011011 [in 30011 Μο1010], 31101100. 31101-
ton, 30101100, 30101016, 380, 369, 396.
31011101, 3110010, 6100000101, 276.

3101100 [10 30161 brid ],3110100. 3110100,
30010. 3226327, 349.

316601οὲ302181100600]Ι 30601016, 0100000101,

3101600. Ι300 301600.
31111ἑοὲιᾷ, 3110100, 3110100, 30010, 316, 334,

3111010. 3003111010.

31101100. 300 1110101100.

3110100 300310110οαπά 31111100
31000010, 31000010, 301001, 88.

Binghnn‘s 7701111 [10 Νε111011011],3 -
0001101111, ssynghamyshoth, 01111,
301001, 8, 89, 107.

310101ἑόιὲ 31. 111011 3001001 311110, 30010,

3110ος01 [0300131010] ,300110301030100142
3100106, 30001060. fianta, 314, 336, 367, 363.
311011, ξ213011, Magna 3110110, 30001, 138, 171,

.......... 0110101101, 192.
......... Ιὲἱόι Kirby 10 30100], 3110110, Eam,

.......... 311110, 31 11011 06 31101100, 01101011
01, 30101016, 404.

3110110. 300 311011

3116111001, 3116011101, Eam, 144, 167, 232,

.......... 01101011 01, 202.

311101, 111ἓ11010, 30101016, 377. 387. 392, 412,
4

.......... 01101011 01 . 405.

3110101100 [10 311011 30100100, nanta, 328.

3010001000, 3101000100, 3100000100. 3010-
1016, 376, 386, 391. 409.

.......... 01101011 01, 400.

3010001010, 31010, 30010, 320.

310101, 3100101, (1100000101, 261, 276, 286.

3100010. 300 3001101.

 

