670

011000. 8001111006

0111160106 [16 66001 8106061061 00060106,
0011060106, Η6610, 469, 472, 477.

01100. 800 011006.

011006, 011000, 111100, 1101000, 0010 ,
061606060160, 06666ᾱί1060, Chiro 0-
61000, 001000, 1100601066, 377, 662.
687, 692, 698, 412, 414, 416, 422.

.......... 01666016 01, 405.

0160606, 06660, 060606. 00606, 110601066,
681, 388, 397, 411, 419.

.......... 0166606 01, 401. 405.

0100060001 [16 06066010, 0600616010, 110610.

0161666, Duram. 0066066, 6106000106, 241,
249, 257, 269, 282, 601,

016106 [1611606100. 000100606, 0101100606,
(1106000106, 255, 272.

0001100, 000160, 110601066, 686.

Doddinggmiggi Deddynghunt, 110006, ohuroh
0, .

0060000106 800 6100611660 1000106.

1106160106, 06160106, 6106000106, 244, 249,
257, 262, 269, 282, 294, 601.

0061106 800 0166160106.

006060106. 800 0166160106.

000606μο6160. 86060116ῃο616.

0006060000, numerantem, 116610, 614, 666,

0066001606. 800 0666610106

Donbrigg. 800 1166161600.

00606060. 800 0666606,

0066160106, 00606106, 11601066, 389.

00610000660 110161. 800 0661610660.

......... 11060 (noua). 8000661101)οω0110600.

00610006 800 06611016.

Donylacngiolkl'ntmlimBoroehumh 800 under
00106.

00606106 800 0066160106.
0060600106, 006001, 116.
.......... 0166601600 01 :
0411801610, 88, 100.
0010166110, 86, 88, 100.
0160660, 86, 88.
006666ιί013,Βέ31066061606, 00660106, 0060-
0 , .

.......... 01166016 01, 406.
00601601ὶέ0, 0076000006, 0060160106, 6106000106,

0060106001,οἯἱῖ6106, 110601066, 660, 687, 697.

.......... 066606 01, 401, 407.

0060οη106 800 0060160106οΜ 00601060.
006000106 800 0660001060
0066000011. 800 0006000011.

00601106 800 00011011

00660606000. 8001660600, 0006.

006Ἢο001, ΒΟ00066606006001. 800
00660611ω610 06611016.

INDEX OF PLACES.

00660 64660600. 800 6660600,οΜ
00661666. 800 00061666
0066106 800 066106

0061000011. 800 0006000011.

.......... 0166601101, 191.

0006000011, 0066000011, 0061000011, 6106-
000106, 268, 246, 260, 271, 278.

0000611016 [16 10060, 06060], 000061066,
006001, 105.

000061οη6 800 0000611016.

00061666, 00666066, 110006, 0166016 01, 209.
0006106, 6106000106, 249, 269, 282.

0600106 [16 0660601061 nanta, 620, 666.
......... 32¹3 ἶ1315101100, 110610, 606, 629, 664,

060000. 80006600.

06111016, 06060160, 11616016, 6106000106, 270.

060100601εά (sic). 800 1160616066.

06001066, 1601060010660, 116610, 607.

06600 [16 06661010061, 1160000, 1106001, 116.

06060160. 800 06111016.

066601000, 0660100. 800 016100.

0666060106. 800 0161160106.

0666606106. 800 0166666106

0666110106, 0616101106, 0061101606, 6106000·
106, 268, 267, 601.

0666606, 00666060, 00610619, 660, 644, 664.

0666606000. 800 6660600, 0006.

Dunbridge [in MottiafontL Donbrigg¹ 066·
brigg, 116610, 824. 650.

06661006, 066600. 800 0661106.

0666600, 06666000, 66001, Fau, 152, 1116,
174, 175, 221.

.................... 0666016 01, 198.
........,1011110, 152, 174, 221.

.................... 0166601601198.

06660. 800 0160606.
0661101066οἑ700610050660 110101, 6106000106,

......... 4160800661101666, 6106000106, 240,
......... 110600, 0661106666, 0061006066 Boua
(11060), 6106000106, 242, 245, 278.
11661101 [16 1160161066 11001061 066600,
06611016, 06661001, 00610001, 00666-
ymb, 1106001, 60, 42, 50, 79, 128

066106, 0066106, 110006, 01666016 01, 209.

0600606. 8000110606.

0600610010. 800 0100066011.

numm. 800 0161606.

06600100. 800 0660100.

116000060οω6 800 0616000106.

066100, 116610, Ham, 607.

0660100, 1166001οο, 0660010, 06601006, 6106·
000106, 241, 257, 266, 294, 297.

‘ww 1616

.......... 01166011 01, 97.

 

