10001101 0000000

11111

311011, J 0110, 475.
31106011, John, 306, 329, 356.

’ .......... 3011011, 25.

Q

Qunmollemy, 31100, 315.

0001101060. SeeWhnppelode.

000101. Qum-leston. 0001011. william m·
1111100110, 23, 43, 47, 63.

Quart, 0000010. Quem. 1010 01111101, 0111101
01. 316, 321. 339. 355.

000110, (1001101, 31101000 60, 312, 318.

.......... william, 00. wilto, 366.

Quone. SeeQuurr.

00011110, J 0110 10, 317.

(1001016001, william, 145.

011101111ᾁὲ02111111110010100, Alexander, 145,

......,10110,17, 13.

.......... 3010026. “
.......... william 60, 173, 453.
00011000. 8000001.

R

3011010, 30110100. 301100, Elian 60, 7, 16, 20.
.......... 61011160 60, 39.

.......... 3010160, 18, 19.

30001016. See 30001016.

306600, 306600, John 60, 33.

.......... 81011000 60, 5.

3116011011, John 60, 432.

. 30111011. 8003006101.

3061110101, 3010160, 1461
Bagou, Rugoun. John, 380, 388, 397, 410.

.......... 30101, 338.
.......... 3001000397.

myo'ssfflfilffifflq' John or John 60, 286,

3011111, 000 01. 80031113111111.
300006205ςο maden, William 60, 239, 246,

30100001. See 3001001.

3000006011, Βο00011011,300100111011,3010- Β

00011011, 30010006011, 30110116 60, 8,
......... 3311631100 60, 59, 75.
.......... william 60, 283.
321113211311311113
3110001, 30100001. 3011011, 222.
31101000, 475.
.......... william (10, 131. 157, 214.
30010001. 3003010001.
31100100. See 30010100.

30011110, 31011016, 324.

3011011111, 31111100 000 01, 470.

300101, J 0110, 332, 317.

3011101. See 3111010.

300110, 3101111110, 109.

300001101030111 60, 1.

30101110 de. 300 3061010.

3010000οο110, J obn 60, 278.

311101, 31100110, 287.

llessdingi3 411061011, 011110101331, 390, 413,

1 3066000011. See 3060011011.

3060, 30060, 31011016, 445.

.......... 3011111110, 291.

.......... william, 40, 476.

3060011011, 3066000011, 3061011011, John 60,
179, 445. 451.

.......... 1110110100, 463.

.......... 3110000 60, 143, 107, 232.

306011100. See 3011001100.

3061011,1 30101110, 31011016 60[0011 01301οο1,

3061011011. 300306000011.
30060. 300 3060.
30061110, 00. 30001, 10011010 01, 229.
30111010, 1000 60, 154.
3010160,154,156. ,
30110016. John, 000 01 , 14, 250, 234.
.......... 1110110100, 000 01, 172,
&offan 01, 30‚31, 32, 44, 50, 61 bis,

.......... 30110016, 000 01, 30, 32, 60, 61.

......, 3011011, 00001, 153.

......, william, 000 01, 9.

301000. 1300301000.

3010001016, John, 218.

30101010. 300 3010101.

3100011011, 3000016011, 3000006011. See
3000000011.

300111017οᾉ013ἲο1111, 3011011, 01 (10611010100,

.......... 3110000475.

0010600101, william, 368.

300016. 3003010016. ’

30010, John de, 286.

.......... 31101000, 299.

.......... 1311110060286.

3011011010, 31101010, 447.

30111ος11000. 8003011100.

30011010. 8003111101.

3011111οε, 3111101000, 110110 01. 232.

.......... 1111100110, 144, 167.

11011100,7ξο111016000, [oo. 1101111],11110101,

 

