,1113311 OF 33330113.

495

30006, 30006, 3000006, 3000006, Bam. { 3000000, 3000000, 3000000, 3000000, John or

30000, 60

’ 6103, 72,1 ,163
.......... 1000 60, 162.
.......... John 0110, 312, 313, 317.

30000, 300006, 300000, ι
Elisabeth, 101 01 01000, 45, 47, 50, 59, “

John 10, 132, 143, 148,158,160,177.
220, 228.

· 300100, 3000100. oo. 1100101171), 0006001001

01, 337, 340, 353.
.......... 00100 01, 321.

.................... 01 North chaam, 371, 1 306000, 3000100, John (10, 10.

................... de. 10, 30.
.......... 10060110 60, 176.

ι . ......... 3106006, 475. .

.......... Thomas 60, 256.
.......... william, 361, 422. 423.

········· ggmd ‘¹⁰2 1101111011 11121 111 0000000,0000000100000101.
.......... 3106006 60, 433.
.......... 000000000000000.

[Bury] 31. 11600060 [00. 3011011], 06601 01,
1 00, 0000.

.......... 3106006 60, 0001 01 1110100, 143.
......... ·, 1701100 0110, 327.
.......... 77111100 0110, 232.

30006030οὸ 17111100, 01 3010601000, 355, 365.

3000600006. 300 3000060006.
300060110, John 60, 157.

30006000, 30006000, 3106006, 415.
.......... Thomu, 413.

.......... 1701100 60, 379, 361, 395.
30006011, 300006011, 61100, 420, 421.
.......... 606000 (10, 365.

.......... 30000, 366.

.......... John, 366, 395.

.......... 1011000 60, 258.

.......... 3000 60, 378, 394.

.......... 30000 (10, 376, 331, 410.
.......... 060000, 394, 414.

.......... walter (10, 365.

30000, 60. 300 But-gh.

30000 300011 Petri, 60. 300 301006000006.

3006001. 300 300060οί0.
300100, J 060 (10, 387, 412.
,,,,,,,,,, 1060 01, 332.
........, 100601, 377, 332.
3000000600, 3011 60, 230.
30000010, 306001, 143.
30000. 300 300000.
300001, 3000001, 3000011, 01100, 262.
.......... 3600006, 256, 430.
Helen, 274.
.......... Hugh, 252.
.......... John, 430.
31060100, 155, 156, 150, 176, 178.
11011160, 130, 134, 159, 216, 218.
„MQQQmmmffl
.......... 306001, 22, 281.
.................... 610600 01 3016, 0.
.......... 17111100, 235, 249, 282.
3000600, (1001100060, 130, 154.
.......... Hubert 60, 441.
.......... 30000 60, 441.
.......... John 60, 154, 219.
.......... 160000 60, 131, 156.
.......... 17111100, 374.

300006. 300 30006.

3000000. See 3000000.

30006, 30106, 350, 372.

.................... 01 00006011 1106600, 33, 75,
77,103.104, 106119, 123, 124, 125.

301. See 30110.

3000160000, 301100160000, John 60, 326.

.......... 1110000001 (10, 328.

.......... 3106006, 320.

.......... 30000 60. 316, 317.

.......... 1701100 (10, 317, 318.

30101001, 300 3010100010.

30100310, 3011100. 300 3010100.

30110, 3011, 301 [01. 301], 306001, 233.

.......... 17111100, 102, 317.

301100100600. See 3010100010.

301100160000. 300 3010060000.

1101100010. 300 3010100010.

30000. 300 Bure·

30660010016, 3060000016. See Bibesworth.

30000060, 306001, 117.

3061006, 30601006. 300 31601006.

Βο611.30(1060,Βο606, 1016000 60, 40.

.......... william. 70, 72.

301016, 30000, 281.

3011010, 11100310.

.......... 3106006 60, 314, 339.

.......... Thomu, 333, 346, 347, 359.

.................... 0110170110302,

301006, oo. 110001οο6, 10060 01, 376, 391.

30000. 300 31000.

30006 30031006.

30100000. 3003101000.

30600100. 300 31100100.

30600600, 306001 60, 34.

3010000016. 3003160000016.

3010, Adam, 251.

.......... John, 285.

.......... 3106006, 0117006000, 103, 112.

.......... Roget, 235.

301006, 301000. 300 30010106.

30100, John, 285.

300601, william, 454.

3000600. 3001110600.

3000600. 300 31000600.

30001600, 30106 60, 33.

 

