1101011 01 10100111.

1010011110. See 1010101110.

10111, 11011011 10, 381. 388, 397.

1001, 101, 1101101110 or 10, 31, 50.
1010101, 10101011, 1010111, Δο11111, 318.
.................... 01 11111011 10111111. 113.
.......... 1111111328.

........, 110011, 327. 349.

.........,Η11111. 173438.

.................... 0111111011, 108, 112.
.................... 110111 01, 230.

.......... 11011111, 50. 67, 325, 347.

.......... Thomu. 17. 31, 374.

.......... william. 316, 318.
101101011110111. See 101110.

1011111, Thomas. 428.

10101001, 1110111111. 162.
101011147111101110,101101100,10110, 54. 69,

.......... 11100111, 15, 16, 35.

10110, 1011111, 291.

1011οο, John 11, 442.
.................... 11101001, wife 01, 442.

.......... 1110110111, 436, 437. 449.

Philip. Philipp, Phelip. John. 117. 352.
.......... 11100111. 210.

Philippu, 00101101 11011101, 176, 324, 335.

1111100110, Adam. 162..

Phippe, 1110111111, 227.

11111111. 11011111, 1010. 387 .

1111101, 376. 386. 391.

.......... Roget, 420, 421.

.......... Thomu, 378, 390 391, 304, 409, 414.

11001, 11001, 11101. John, 133, 161.

.......... 10101,150. ’

.......... 11111111, 450.

111010. See 101010.

1101111101, 165.

1111011οο, 1110011100, 110110, 38, 58, 74.

.......... «1011010, 58, 74.

1111111, 1111011, 11111111, 11111111, 142, 143.
165. 166, 231. 238, 246, 278.

11101. See 10101.

111100 3001010110.

111111110, John, 298.

Pistor. 30010101.

11101. See 11001.

111110. See 11111.

111101. 80011001.

11111,111110,111100. (1110110, 129, 142.
John 102.

.......... 11011111 10, 129, 155, 176.
.......... 1101101110, 142, 165.

11001, 110101, 11001, 11101, 111101, 11011.
11010111 10, 42, 272

1 11001,10.-0001.

.......... 1010111, 384.
.......... 11011011 10, 12, 237.

Ι 11011101, 00. ἢ101,001101001,1221.Ἰ = ,.

1 11011. 80011001. · ,.

1 11011110111010001. 800 11010001.

‚ 11001101,1100101,110011111. 8001101011. ·

1 11110001, 1111011001, 11010001, 11010001, 1111-

John, 31, 50, 67,149, 152173, 178. 1
220, 227. 312, 438.

net. 111111, 33, 40, 41, 52, 240, 242,
6170, 307. 309. 310. 331, 380394, 385,
.................... 1011 01 1111111110οο, 5, 21, 22.
...., 10111, 33, 35, 36, 52, 55, 58.
11111011, John, 227.
11111001, 11011111111101011111100101,1101011101.
John 10, 47, 63, 182. “ ’“

¹ .......... 11010110, 5, 27. 41, 43, 47.
1 .......... william or 1111100 0, 1111110004.

1001, 1101,1011111001,(100111110110110451,
.......... 1110101100 10, 255, 290.

.......... Philip. 323. ,
.......... 11011111 or 10101110, 145, 170, 214.
.......... william le, 236, 239. ⁴

Ι 1001110οο. See 11011011.

101101011011011101101172. -, · .

.......... John, 172. = .-

1010, John, 018011111011003601 . ,

.......... 11011011011,1111., 223.

.......... william, 343.

10111100, 1101 do, 45.

101011010111111110439. ,

1011101. 3011101001. .

10101,10111010, 1011, Alexander, 142, 186, ,

......... ,1011011,166,433,454, ..

.......... 1000101448. ,,

1011111, 101110, 1110101436.

.......... 1011111313.

.......... 11100111, 323.

.......... 1711111111343, 419.

1011111, 11011111, 25.

.......... 11011111, 122.

101100. 8001111100.

1011. See 10101.

10110111,101111110.1111111111, 143, 177,

10010, 1110 1011010, 11100101. 476.

.......... 111111110147.

100101, 1001001, 10011001,100111001,10111οο1,
1011031, 37, 50, 56, n. ·

10010, 1010101, 136.

......... ,1001110111

100111ςᾶ111, 1311101101, 10111013111111111011101,

.......... 1110111101 10, 130, 154,170.

.......... 11011111, 101, 63, 04, 71, 75.
11011111, 1011, 123, 124.

.......... 11101011. 101. 101181. 10110, 344.
10010, John, 348. -·
1010101111444, “

........, 0111101110, 421.

1011111111, Alina, 333. ’

.......... 1οο01010,11,11,01,111,110. Ι .....,...,01010,000

 

