INDEX OF PERSONS.

smange. 8008110010.
811001, 81100010. 1010, 119.
.................... 01 01001, 120.

811010οο1 [00. Ηο101010], 1010 01 , 811.
811011010. 800 stratford.

811οοοΞ,981180011ἐ 1010, John 00 0100 10, 12,

.................... ,0180010010110 118.
.......... 1110101011 00, 29.

.......... 11101010, 01 01010101ωο, 108.
.......... Thomas 00,8.

81110101, 810010, 81010100, 1110101110, 101. 415.
.......... 110111, 410.

.......... 1101000844, 841.

8101100, 10101001, 848.

8101101100. 800 8101101100.

81010, 14001011 00, 12.

8101101, 8101101, 110011, 814, 828.

.......... 1010, 285.

8101011011001110, 158.
81110,10100110,288. ’

81100100000110, 1010, 801.

811010010100, 11111101ἰο0 00, 812.

800111, 801111. 800 801011.

80010. 800 200010.

8001011, 00. 111001, 1000101 011100011010 01 81.

Georgo, 281.
8001011, Thomu 00, 141.

.................... 11101010, 00001, 111·

80000101. 800 80001010.

8000οο 8008011100.

80001010, 801010, 800001010, 80001011, 1010
00, 288, 254, 208, 268, 291.

.......... 100101, 291.

80000, 1101010110, 261.

8001. 800 800010.

8011011, 0011 01. 800111101011011011 00.

.......... 1100001110), 0111101810.

8010, william, 421.

sagnam, 11100100, 411, 418.

8000101010. 800 800110111010.

801010. 800 80001010.

80111, 1010011010οο, 46, 54, 62, 69, 18.

.................... 101.,51.

.......... 11111100062.

80000001, 10 80100οο1,10801000001, 1010,
162, 108, 440,

.........,110101, 144, 168, 282, 440.

.......... 1111111010440.

8010ρο01, 1101011, 291.

8000101110, 8001011111, 1010, 51, 61.
801010. 800 200010.

8010101010, 80110101010. 800 800110111010.
80110111, 800 8001111011

.......... 1011100014.
,Μῇωοωωῃωω

.................... 101, 154.

541

1 801100, 00,-00111.
Ι ......... ,4112101110 00, 186, 180, 160, 222, 212,

1 .......... 1110110100, 29.

.......... william 00, 180, 104, 218.

8111101010, 1010, 442.

8110010000, Simon, 452.

.......... Thomu 00, 101, 451.

8110101010, 220.

8111011113.ιὲ 8111011οο100, 1000, 11101 01, 281,

.......... 1101011 00, 111.
8001000100, 1010, 422.
81110οο0, 1101101100, 819, 894.

1 8111111010, Elisabeth, 11110 01 Thomas, 421.

81110100, 1010, 110 01001, 442.
.......... william, 442.
8111011001, 8110111110. 800 0111011001.

1 011110. John, 000.
1 811110, 1101011, 429.

811101, 1010, 881.

Ι 8110011101011, 148.
1 8101000, 81100000,1ο10,ἢ9, 840.

8100000000, 11101110, 415.
810010..,1101101100,188.
811010. 8008101010.

81101010. 800 8101110100.

T

10010100. 800 1011101100.
10111010, 1111101010, 1010, 421, 421.
.......... 1101000482.

Γ0011011010. 800 1010110111.

2111110101, 1000, daughter 01 8101010, 118.
Tainour, 1011101, 10111001, 0111101, vamur,
1011001, 1101101, 110011 10,· 10.

.......... 1010, 01 00101000, 801.

.......... 1111111011 10, 881, 889.

.......... 110111 10, 48.

.......... 11010110, 428.

.......... 1111110110, 148, 111.

.......... william, 01 811011001οτ1, 122.
................... 10, 288.

1010101, william 00, 149.

'1¹albot,3 1110101, 0111011, 268, 888, 886, 891,

0101010011.
mwmffimmmmffl

890, 410.
.................... 101. 284, 288.

 

