INDEX OF PERSONS.

60600, 60110, 00011160, 159, 170.
.......... 1100116062.
...... ..., 101000 60, 44.

········· 010 11111010 0
mmmmfflffim
&mmmfflmmffl

.......... 10011, 11110 01 60011 60, 264, 276.

.......... 106060, 159, 170, 215, 216, 267, 295. ¹

.......... margaretae, 662.

.......... 01110160 or 10, 289, 60, 662.

.......... 1111161110011101110111001100, 154,
161, 162, 176175.

6010100 weston 600 60016010 9900100.

6011006, 6006060060, 60001οο6, 6001001160,
11001160, 461.

.......... 1060 01 John 60, 618.

.......... william 60, 628.

60601060, 6010160, 469.

6010, 1060, 476.

.......... 1600100, 646.

.......... william, 672.

6010011060, 61060100 60, 424.

60101, 601001, 1060, 0119060, 107.

i

.................... 01 6110110011, 128.
.......... 61011016, 465.

ΜἪΜΜΜΜΜΜΜῐ

.......... 1060665.

.......... 1601011160, 162, 158.
601001. 600 60101.

60611060, Thomu, 456.

6011, 6106016, 01 9910060001, 674.ι
60111000, 606011, 415.

60006000101, 6106016, 428.

6000, 1060, 448.

.......... 6106016, 156. 175.

60001, Thomu, 674.

.......... william, 665.

60116001, 1060110, 14.
.................... 019110601016, 126.
Bonvilldengevile, 60001110, 60001111, 60011

,...,..., 1060, 66, 80.
.......... 606011 60, 55, 78.
......... ἑΙ76100600 0161011600 60, 10, 11, 64, 54,

.......... mmm
.................... οΜΜΜΜ

noma, Romi, oooffrey, 1101111111, 010,
mmm

601600, 601600. 6006111600.
60111000, 60601160, 21.
6010016010, william, 652.
6011016. 6006010111.
6011010. 600 60111.

6011. 60060111.

6000060. 6006010.

6000, 006011, 262.

491

60001111, 600011110, 6001110, 60001110, 6000·
, vill, 1000110, 469.
· .......... 1060, 465, 448.

.......... 1010100411419.

.....,..., 60116, 170.

......,..,6161160, 468.
’ .......... william, 666.
601, 60110 [01601101 1060, 291, 686.
60106011, Hem-y 60, 667.
6010101, 6010111, 6011101, 60111101, 6011101,

661121ξὲ0, 60011101, 60101116, Α111101 10,

.......... 60011100. 284, 298.
......... ,2311606016 00001000 01 01111006, 166,

. ......... mmmm&

¹ .......... 11001110, 68, 58.

.......... mmmm.
.......... 1000, 46, 628.

.......... 100110, 0111 01 01100011, 671.

ff .......... 1101601100, 450.

.......... 1060 10, 12, 16, 27, 46, 162, 176,
177, 294, 296, 619, 620, 441.
61011011 111, 148.

,ᾞᾞΜΜΜΜΜΜΜΜ

.......... 610601610, 148, 177, 476.
,1101111110
.......... Roget 10, 146, 166, 264.
.......... 1160100010, 249, 269, 282, 291.
.................... 01 19010010, 249.
.......... 9911110111 10, 161, 167, 155. 162, 171,
218, 288, 627, 629, 687.
.................... 016010100 1900100, 65, 126.
60101, 60101, John, 286, 686.
.......... 606011, 281.
6010101. 6060110001.
60101001. 6006000001.
Ι 6010110010. 600 6010100110.
h 60100,10611,626.
, 6010100110, 6010110010, 6011110110, 6011101111,
Ι 6060100110, 601100110, 601101101110,
3 60101011, 6001ίο10000, 60101100, 1060
1 011060 60, 166, 146, 144, 159, 167,
⁴ 216, 22631, 241, 267, 470, 472, 475.
¹ 6010111010991111001658(

601010, 1060, 277.

6016061, 1400011160, 474.
601601, william. 474.

601116, 601116, 1060, 446.
.....,..., 601116, 661.

6011101, 60111101, 800 6010101.
6011601111. 6106010100110.
60110111, 1060, 650.

60110001, 6010101, 60101001, 6011001, 1060,
0111001, 119, 124.

.......... 1016 01, 249.
.......... william, 627 , 672.
......... ᾗῇ......,1016 01, 649, 667, 666, 671,

mmm.

 

