INDEX OF PERSONS.

7010111100, 7111011110. 8007010000. ,

70101100.7010110107010110110,70101100,701011110,
1701011010, Agnes 60, 428, 429, 464.

1

701110, 60,-0001.
.......... John 60 or 60 10, 47, 64, 616.
Peter 10, 269, 286.

.......... 1111110160, 0011 01 Ρο111111010, 28, 250, 1110601610. 261, 262.

{³⁰} iffi, 276, 284, 615, 627, 363, 664.
.......... 1001160, 266, 268, 290, 680, 696.
.......... 10611 60, 344, 667.

.......... 1711110111 60246.

701010, 1110601110 60, 241.

.......... Μο1ς1110160,270.

.......... Ρο110111110 60, 244, 277.

701010. 800 walacho.

7011010110. 8007001011.

7010111100, 70101100, 7701011100, 7010111110,

7010111100, (10011101 60, 429, 467.
.......... (1011110111 60, 26, 46.

.......... 1011110301334.

.......... 11106060 60316.

70111101, John, 654.

701010. 8007001011.

7111116011, 7016011, 1701111110, 10011, 441.
.......... Thomu, 416, 417.

......... ,4417111116 or william 60, 168, 161

70110, 1106011 60, 143, 166, 167.

700001. 800 7111000111.

70111011, 70110 10110, 701010, 4116101160, 469
.................... Margaret, 11110 01, 469.
.......... John, 461.

................... 60, 10.

.......... 11106016 60, 440, 466.

70100001, 7011001, 7011001, John 10, 668, 639
......... §gom 10, 367, 668, 669, 662, 666,

7011001. 800 70100001.

70110. 8001701111.

70111, 7001. See 701110.

7001, 701, 7011, Alica 60, 0011111000 01011016
136, 147, 161, 177, 179, 211, 226.

.......... 1411610160, 160164, 218.

.......... 01001010 60, 461.

1111101001.

.......... 1101111366.

.......... Hugh 10 or 60, 129138, 146164
170, 216, 218, 261, 268, 286, 439.

.......... John 60, 468, 449.

.................... 0011 01 011016 116461, 164,
166, 164166, 167, 168, 172174, 178,
179, 220, 231, 692, 467, 462.

......... ὲ31200.. (14281218229, 297,

1
ι

.......... 1101110110,42’0,138.

.......... 1106011 60, 001101011016, 129, 143
147, 152, 154, 171. 179, 218, 232.

.......... Walter, 663, 666, 669.

70016011. See 7016011.

701110, 701110, 701110, 7010,
7001, Η11111010, 249,

.......... Hubert 10, 28, 47.

18645

{311’ v00'1, v01

......,..,1106011,81,241.

7011116100, Alexander 60. 65, 78.

.......... 11010178.

7011111110. 810 7701111010.

701111, 101101111000 80101016, 10160 01, 694,
7011111, 1106011 10, 268. ’

701. 8007001.

701606έ8ὲ101ἓ1867011, ’16006016 60, 267, 242, 261,

.......... Thomas, 264, 267, 291.
70111, 71111, (100111 60, 162, 161214.
7011101. 1711110111 de. 41.

70111011, women, John le, 468.
.......... 11106016, 278.

.......... 1711110111 60, 0011, 16.

70001, 70101, Agnos 60, 20.

.......... Clementia 60, 471, 476.
.......... 10111110, 6, 42.

.......... 1061 01, 476.

7011, 701110. 800 701110.

701111. 800 Vienna.

7011. See 7001.

7160, 1110601610, 26.

710, 11061110, 26.
710111101701117011117101111, 11106016 60, 276.
.......... 1711110111 60, 264, 266, 289.
7116160. ste Fityde.

7111010, 1106011, 600.

Vino. John, 10.

7611111011, 7112101101, 7111101, 71110101, John,

.......... Thomas, 448.

.......... 1711110111, 466.

virli. 800 70111.

7110606116, 1010111, 8.

71101110,771101110. 71100, 71101110, Hugh 60,

10011 m· 10011 60, 61, 32, 64.
.......... 1010101010103130331635.
voille. 800 701110.

701101. 8001101101.

7011011. John. 656.

711016. 80017016.

7000111111. 8001706111.

7116160. 8001111160.

7110111, 1711110111, 286.

71110061, william, 101.

711101, John 10, 279.

71110101, 7111101101, 800 7111111101.

711011, 71101110. 800 71101110.

 

