090

110001,11010,1101110,1101100,10101010,
881.388,807,411 , 418.

.......... 01110101, 401, 407.
00000101. 8001101101010.
1101011010. 80011101101010.
11010101. 8001110110101.
1101100, 11011010. 8001100010.

11011010 800 11001110.
110Ιο0110111, 0110011111 110110000111, 00110,

407, 47 4247 447
.......... 01010101, 481.
00110010. 800110101ογ.
11010010 8001111001
1100001010. 800 1101110111

1101011Ξ1ἱ11οη0 See 11011101 and winterbarne
on 1

1101110100. 800 11010100.

10011101. 800 0011110101

......... 8111001111. 8000011113101 8110001.“
1101101010. 8001101111ηο

1101100000. 8001101111000.

0010οἐ18111, 1101001010, 1101101010, 00101010,

01110101, 400, 101.

11011101 d[i13815rlrnwarneL 1101010101, 0010-
01

......... Upwimborno [11 0101001101111001·
1011101110110, 001001, 89.

Μο111000οὸ120111110[1111010101]11101100000,

1101110011, 1101101110, 890.
1101100100. 800 11110100.
0011110101, 1101011101, 11011101, 00101010,

.......... 0110101101, 400.

......... 8110001, 0010101001
11011101 8110001011,
8118807410,οΒ

000010111080011000010011110

1101011001 800 1110101010

11011011 [in 0111011101 001011001011],11010-
10111, 001001, 102.

0101101101110110010011011001,11011113.

.......... 01110101, 480.

1101001, 11001, 11101001, 10010010, 0011101001
11011001, 001001, 87, 44, 00, 72, 119.

.......... 0111101101, 87.

.......... Wert, 0001101001001001, 24, 110.

1001011ἓὸ0, 0010010100, 01010101, 00101010,

81100001,

11010011. 8001101001, 0001.

More [1101011010 (1101010110). 800 0111011011,
ore.

110101011. 800 1101111111.
1101001000 [10 8111011101] (1101000101, 2oe ,297,
00100100, 0010100, 01110, 820.

110101οἒὲοοῧΜῶ 1101011100, 001001 10 80 40

.......... 01111011 01, 80.
.......... 1101101, 00001, 0111011 01, 200.
......... 48101111000, 1101101, 00101010, 879, 805,

101010, 881,-

INDEX ΟΕ PLAGES.

110.10101-0011

1 ......... Μ 01 hagag} 1101101 super Luggo, 0010·

................... 011101 01, 400.
00101011. 800 1101011100.

, 110110011011. 800 0001011011.
1 1101101(000011). See 11010101

......... (00101010) 800 1101010010111000.
......... [1101101101011110888303.

, ......... ruper Lugge. See MoretononLugg.
j ......... 2[[[01ἑ1ὲιὲ01 (1100000101, 248, 200, 208,

110018000001111011101110000
110εο1000 8001110101εο
001001011080011011101011

[ 1100101100 [11 80111 Ρο1101].1101100110111,

110110011011,001001 0078102108.

[ 110101001010, 00100101. 800 0011001010

Mo 10011011. See 1100101101
0011001010110101001010, 1101100101 11010-
0101, 00110, 822, 840, 854, 367.

0011101011, 11010010110, 001110, 811.

1001110100.800110110100.

0001110οε010, (1010001110100110100110110-
1001100011, 184, 100210.

.......... 01010101, 207.

0011001. 800 0011101, 11001.

11011101 See 11010101.

11οο0100101. 8001100101.

11000. 800 0001111011 01111010.

010101000010. 800 0101010010.

111010111010 8001110101110101

11101110, 11011010, 00001, 01111101, 208.

1100110110111[ι1111501001010 Paean. 1101011010,
0100

11011011. 800 1111101110 0010101.

1101011011. 800 0111011081. 11010110, 0010101
110811101111.

1111011101. 800 111111001.

1111οῑ010. 800 11111010.

1101001111. 800 0010000111.
1111101010. 800 10111010.

11011οπ0111. See 0010010111.
1101010110110100. 800011011111110101,

= 1111001 [11 1011101111 1101111101, 1111000110,
00111010, 427.

......... 0111110001. 80000100101011.
.......... (11001, 011001 01110101, 00111010,
429. 480, 480, 448.

.................... 01010101, 457.
........., 111110, 429, 485. 418.
.................... 011101 01, 457.
1111001, Mondou, 00001,0110101101, 188.
11010. 800 Maon.

00100101. See 1100101010.

1101010 11011010,1101001
0110110201οο, 00101010. 8θ 9

.......... 41011111121101, 408.

1111111101, 1111000110. See 1111000.

1110011110, 11000111, 1100010010. 800 1110010011.
0001010101, 1111010101. 800 11111101. ι

110101000
7387 800.

 

