640

standon. See 81000100.

810110 [01. 810110], 1010180 10, 21, 21. 32. 62.

8111001018. See stanford.

810000, John 80, 432.

8100000010, 00. Fauen, prior 01, 192.

stanford, 810001018. 810001018, swaford,
Christiana 80, 166.

.......... 0111101180, 162, 174.

.......... 1911110162, 70.

.......... 1911110111, 122, 124, 441.

8Μο02ἑ30.3δ921110], 01110101, 249. 262, 269,

8100100, 8101110011, Ηο010, 01 1100800, 123.
.......... Thomas de, 60, 68.

8100011110ςο, J 018011 80, 8.

811100113οῖ1. 8010001100, 8100011011, 1110110801 80,

.........,101111,416.

................... 8047. 63.

.......... william 80, 27, 43, 47.Ι

saunford. su stanford.

staunton, 8100011011, 81000800, standon.
Ηο010110080, 440.

.......... John or John 80, 169, 296, 297.

.......... 1000101 John 80, 139, 173, 223.

.......... 1018 01, 377, 392.

.......... 90101 (10, 239.

.......... 1101101180, 266, 391.

.......... 91101000296.

.......... 00110111ιο, 18, 386.

81001, william 80, 266, 281, 288.

.......... 91110000 80, 266, 288.

8100011. See 8100011.

8101111100, 81011100, John 80, 426.

.......... ’11100100 80, 129.

8100110000, 8100110000. See 81000000.

810001100. Su 8100011011

810ηο011110, 10101010.

8101010οο80 [1010100080], 11101018, 318.

· 810110101108010, 21.

.......... 1101101180 10, 426.

810100, 8100011, John, 183, 476.

8101000ὶέ78100110000, 8100110000, John. 122,

.......... Man-geu. 147.

810000. 800 810000.

8100018, 8110018. (10011100, 426.

.......... John, 222.

8100001, 1110111118, 284.

8110010, william de 10, 20.

8111010110, 1180018, 101.

811110, John, 362.

8110108, 11100, 0110 01 (10011100, 160, 179, 228.

8110018. 801 8100018.

810010οᾶ0, 1110110100 80, 8.

81081010, smmum. 11011001, Thomas 80130,
137. 161, 212.

.......... 19111100, 212.

8108011000, John, 214.

81018010, Thomu, 446, 461.

INDEX 01³² PERSONS.

80010 [00. 8011011], 0110101, 186, 196, 200.
201, 202, 203.

81010, 810110, 110101, 1101010110, 162.
., ......... Thomas 0110, 446.
......... &Villium or william (10, 9, 29, 423 49,

00110101, 00. 11011101, lora of, 000, 110.
81010 11ἑὸ00, Μο0001010, 00. Ηο010, 001000 01,

810100, 8010100. John de, 23, 26, 179, 226.
.........,Ιζ990111010 0119101001οἰ0, 43, 48, 66.

810110. See 81010.

81000 [01. 81000], 8800180111110111800080-
0010, 122, 124.

81000010. See 8100010.

81001001, 1110110100 (10, 384.

11011011, 477.

810010, 1110111118 80, 467.

.......... 1110111118 10 1110100001 80, 469.
8100010, 81000010. J 0110 80, 291, 329, 346.
.......... Thomas, 317.

81001101ἑιέ780110011010, 1001101111 80,. 3³1, 432,

1111011 80, 1.

81001010, 11011011. 442.

8101800, Thomas, 284.

81011, John, 0191001, 101, 106.
stormy. 8008101010.

8101100, 800810011οο

8101111110. 800 8108110111.

8101100, 80111180, 179.

8101101111, 11011011 80, 138. 171, 219.
81000. 800 81000.

81001, 81001. John, 362, 363, 366-367.
810011ἒ11ῲ8101100,10110,80, 114,117, 126,

.................... 1110 00011001, 70,

.................... 01 81001100, 371.

.......... 1101018028.

.......... 1911110111, 80.

81000, 81000, 3018011180, 146, 170, 437.

.......... william 80, 162, 170.

8100011, 8100011, John 301.

.......... 1110111100 80, 296.

81001. See 81001.

8111181100, 8110801000, 880018. 41.

.................... 01 010100111οι00, 106.

strange, 1111100000, 81100000, 1100110000,
1001100000, 1110100 10, 472.

........, 8011, 318, 336.

.........,.Ῑο110,290,366.368.

.........,110001,324,428,437.

.......... william 80, 121.

8110110101. 811011018, 00. 110000, abbat 01, 161,
168, 170. 224 bis, 226.

8111111018. 8101111018111010000 80, 147, 176.

81101100, 11800180. 17. 19, 20.

.......... Philip 80, 328.

.......... 8101018 80, 306. 308Ἰ 329. 336, 366.

 

